chrom1	pos1	chrom2	pos2	++	+-	-+	--	++/--	+-/-+	original resolution	fine-mapped resolution	gap info
chr6	81620000	chr6	102060000	1.38e-08	0.9995	7.715e-09	1.224e-07	1.492e-08	1.388e-06	25000	10000	0,0
chr6	78255000	chr6	78320000	1.514e-07	0.8466	1.399e-08	7.936e-08	4.83e-09	4.869e-07	5000	5000	0,0
chr3	60725000	chr3	61100000	2.792e-08	0.972	3.013e-09	5.813e-08	1.728e-09	4.963e-08	25000	25000	0,0
chr3	46750000	chr3	46810000	1.607e-06	0.7933	9.823e-06	2.057e-05	7.887e-07	0.005513	5000	5000	0,0
chr3	67975000	chr3	68200000	2.044e-07	0.605	1.872e-07	1.307e-07	5.016e-08	3.407e-07	25000	25000	0,0
chr11	10980000	chr11	94010000	2.42e-10	7.038e-11	1	1.626e-10	7.331e-13	2.052e-08	25000	5000	0,0
chr11	28955000	chr11	91960000	1	1.68e-08	8.807e-09	2.549e-10	1.448e-06	6.373e-11	10000	5000	0,0
chr11	24130000	chr11	75125000	0.9944	7.256e-07	8.768e-08	6.279e-10	5.047e-07	1.462e-09	10000	5000	0,0
chr11	28870000	chr11	62615000	1.491e-08	3.425e-06	1.171e-07	0.9931	1.145e-05	4.073e-08	10000	5000	0,0
chr11	27535000	chr11	92995000	1.761e-07	0.9914	1.644e-08	5.256e-08	6.46e-09	4.163e-07	10000	5000	0,0
chr11	44950000	chr11	89490000	9.198e-08	7.851e-07	2.583e-06	0.9887	5.721e-06	4.04e-08	10000	5000	0,0
chr11	20400000	chr11	62100000	8.517e-10	7.278e-07	6.282e-07	0.8884	2.331e-08	6.509e-09	25000	25000	0,0
chr11	33760000	chr11	101800000	3.956e-08	1.058e-05	5.458e-06	0.8276	5.684e-07	5.94e-07	10000	5000	0,0
chr11	14700000	chr11	23240000	1.058e-07	9.305e-07	1.712e-06	0.8108	1.623e-05	8.415e-08	10000	10000	0,0
chr11	62010000	chr11	72170000	1.912e-08	1.998e-06	4.005e-07	0.6637	2.173e-06	2.689e-08	10000	10000	0,0
chr11	46230000	chr11	62030000	1.612e-07	1.285e-06	0.6542	3.705e-08	6.974e-10	0.1721	10000	10000	0,0
chr11	37830000	chr11	81190000	1.426e-06	1.372e-05	5.806e-06	0.643	0.0004318	2.806e-07	10000	10000	0,0
chr8	127175000	chr8	127810000	7.361e-08	9.025e-09	0.8455	1.874e-08	1.713e-09	8.025e-08	5000	5000	0,0
chr19	43360000	chr19	58425000	2.275e-09	1.09e-06	7.952e-08	0.6912	3.042e-08	2.118e-08	10000	5000	0,0
chr19	46280000	chr19	50300000	7.04e-08	1.239e-05	4.619e-06	0.6382	3.567e-06	1.781e-07	5000	5000	0,0
chr2	27825000	chrX	38600000	3.227e-07	4.104e-09	0.9995	4.986e-08	1.516e-09	1.618e-07	25000	25000	0,0
chr5	650000	chr17	82050000	6.977e-06	3.938e-10	5.772e-10	2.414e-05	0.981	1.323e-11	25000	25000	0,0
chr2	204630000	chr2	204910000	6.28e-09	0.6789	6.887e-09	4.849e-08	8.993e-10	1.052e-07	10000	10000	0,0
chr13	55300000	chr19	12780000	1.385e-10	2.289e-09	1.212e-09	1	8.225e-06	6.839e-11	25000	10000	0,0
chr3	99510000	chr12	56020000	4.293e-11	1.715e-12	1	1.874e-11	1.917e-13	1.738e-08	25000	5000	0,0
chr1	101320000	chr6	16005000	1	1.684e-08	2.912e-09	4.726e-11	3.766e-08	2.396e-11	25000	5000	0,0
chr2	129060000	chr5	12305000	1	3.573e-09	2.967e-09	4.054e-11	2.124e-07	2.621e-11	25000	5000	0,0
chr7	136290000	chr11	74940000	6.493e-08	1.127e-06	1.607e-06	0.8669	1.644e-06	1.407e-07	10000	10000	0,0
