ENTITY_STABLE_ID	NAME	C3N-02770	C3L-02970	C3N-01364	C3N-02782	C3L-04084	C3N-01798	C3N-02783	C3N-01814	C3L-02708	C3L-01049	C3N-01505	C3L-02984	C3N-01815	C3N-03182	C3N-03186	C3N-03088	C3N-02186	C3L-01045	C3L-02705	C3L-02707	C3L-03968	C3N-00663	C3N-01517	C3L-03748	C3N-00665	C3N-02188	C3L-01157	C3N-02769	C3N-02788	C3N-03184	C3N-01856	C3N-02185	C3L-03681	C3L-00365	C3L-00677	C3L-01149	C3N-01515	C3N-02183	C3L-03266	C3L-01043	C3L-00674	C3L-03727	C3N-01816	C3N-01192	C3L-03728	C3N-02181	C3L-02704	C3N-01852	C3N-03180	C3N-02256	C3N-03183	C3L-02041	C3L-01887	C3N-03188	C3L-03407	C3N-02785	C3N-02190	C3N-01334	C3N-02255	C3N-02784	C3L-02642	C3N-01369	C3L-02900	C3N-01518	C3L-02465	C3N-02786	C3L-02504	C3N-03070	C3N-00662	C3L-01048	C3N-01196	C3N-01368	C3L-02542	C3N-00661	C3N-01818
2-hydroxybutyric_acid	2-hydroxybutyric acid	22.113	22.948	20.966	21.644	20.265	22.182	21.671	20.248	21.252	21.201	21.614	21.942	21.201	21.985	21.121	21.413	22.16	20.778	21.783	21.149	20.64	22.078	21.226	21.822	21.499	20.648	22.588	22.585	21.628	21.201	21.761	21.956	22.148	21.352	23.076	20.901	22.372	21.854	21.797	21.575	21.501	21.336	20.997	22.409	22.109	22.058	20.911	22.388	21.677	22.577	21.197	21.983	21.355	21.209	22.57	22.525	22.007	21.929	21.21	21.201	21.309	21.782	22.607	22.354	22.114	22.567	21.223	21.709	20.712	21.326	21.789	21.863	21.254	22.238	20.359
2-hydroxyglutaric_acid	2-hydroxyglutaric acid	21.204	22.786	20.71	21.563	21.152	21.17	21.446	21.301	26.907	20.536	21.383	26.576	22.207	21.386	21.485	20.935	20.977	20.812	20.067	20.769	21.572	25.965	20.501	21.131	21.875	21.217	22.696	21.326	21.409	21.729	21.312	21.318	22.186	22.067	21.05	20.265	21.946	21.194	21.301	20.932	20.905	20.603	21.772	21.04	20.652	21.907	20.625	21.499	22.136	21.387	21.206	26.08	20.943	21.423	21.349	20.978	20.858	21.117	21.662	21.207	20.964	22.062	26.636	20.946	21.232	21.965	20.871	25.827	21.365	21.541	21.611	21.143	22.201	20.751	22.268
3-hydroxybutyric_acid	3-hydroxybutyric acid	22.203	22.058	21.43	23.094	21.665	22.316	21.186	21.998	22.017	21.82	21.583	19.556	21.163	22.99	23.512	22.427	21.912	23.079	21.606	21.794	22.768	21.269	21.398	22.554	23.153	20.477	21.914	23.095	21.966	20.971	21.86	21.318	20.954	22.042	23.77	21.749	21.41	20.836	21.21	21.828	21.558	23.296	21.997	21.916	23.302	21.754	21.668	21.55	23.146	21.343	21.722	21.748	22.086	20.834	22.291	21.173	21.48	22.292	23.811	22.043	20.296	22.465	23.064	22.3	21.39	21.57	21.103	21.109	20.895	21.291	20.942	22.06	23.85	21.464	20.254
3-phosphoglycerate	3-phosphoglycerate	21.016	20.777	21.043	21.499	21.397	21.201	21.342	20.791	22.297	20.711	22.572	21.3	19.077	20.475	20.723	20.684	21.429	21.704	21.514	21.516	21.246	21.972	21.061	21.404	21.448	20.972	21.201	20.883	20.769	21.002	20.337	20.711	20.769	21.856	21.054	18.734	21.207	20.577	21.193	22.358	21.841	20.95	20.81	21.897	20.387	20.793	20.729	21.547	21.269	21.883	21.449	21.62	21.178	21.341	20.287	21.322	21.405	21.017	21.193	20.722	19.691	21.169	21.543	20.516	21.211	21.241	20.596	21.231	20.817	22.008	20.759	20.907	20.468	21.413	19.132
adenine	adenine	NA	NA	16.525	NA	17.874	NA	NA	NA	NA	NA	NA	NA	NA	NA	NA	18.711	NA	NA	NA	NA	NA	NA	NA	17.353	NA	19.117	NA	NA	NA	19.925	NA	17.698	18.881	18.907	NA	NA	NA	NA	NA	18.211	17.162	NA	NA	NA	17.288	18.299	19.634	NA	NA	NA	NA	17.901	NA	NA	NA	NA	NA	19.164	NA	NA	NA	NA	NA	18.2	NA	NA	NA	NA	16.778	NA	20.104	20.64	NA	NA	NA
aminomalonic_acid_(spectralmatch)	aminomalonic acid (spectralmatch)	22.076	20.704	22.147	22.173	23.326	22.296	20.12	21.957	21.193	22.62	22.376	17.814	23.32	22.132	22.369	21.339	21.784	22.22	21.369	22.339	22.105	21.124	23.279	22.877	23.123	23.464	23.61	21.138	23.013	22.466	21.198	22.605	20.439	22.512	20.806	22.777	22.406	22.401	21.523	23.176	21.971	21.603	22.048	22.01	22.033	22.26	23.495	21.96	22.669	22.356	21.658	22.051	21.212	21.311	20.322	22.903	22.768	22.45	22.671	22.386	21.372	21.135	22.418	23.185	21.956	21.973	21.987	23.107	22.483	23.112	23.487	22.662	22.419	21.789	20.96
campesterol	campesterol	18.743	18.829	18.918	18.142	18.6	19.067	18.773	18.29	16.146	17.642	19.228	NA	20.413	18.741	17.993	20.987	18.88	18.682	18.725	17.604	17.894	17.955	18.397	18.54	20.173	18.798	NA	18.684	20.065	17.823	19.244	16.889	17.299	15.391	19.627	19.466	19.771	21.209	19.102	18.499	19.808	18.199	18.225	20.498	19.728	19.167	18.321	19.869	20.851	NA	17.994	17.7	16.722	18.562	14.968	20.879	18.505	19.312	20.516	19.766	19.795	21.801	17.769	18.559	NA	19.281	14.532	18.962	20.188	15.362	19.456	18.74	17.616	19.718	NA
capricacid	capricacid	19.048	20.955	20.938	21.264	20.106	17.577	21.217	17.964	18.202	19.494	18.91	18.125	18.579	21.472	19.773	17.95	20.636	19.448	17.573	18.393	NA	18.715	17.707	17.995	18.031	21.814	21.538	20.436	17.263	19.682	18.679	18.86	22.198	17.11	18.111	19.568	19.237	17.351	16.925	21.997	NA	18.116	16.903	19.548	16.937	19.854	20.203	18.571	22.367	18.691	20.978	17.914	18.058	20.817	15.604	16.853	20.827	18.449	17.676	18.642	16.524	13.413	17.822	16.379	16.364	21.296	17.968	17.04	17.755	19.752	18.213	18.129	17.503	18.361	17.241
cholesterol_(spectral_match)	cholesterol (spectral match)	25.661	26.537	25.363	25.441	25.158	25.286	25.25	25.163	25.446	25.554	26.064	26.505	26.864	25.676	26.546	24.446	25.853	26.284	25.744	25.573	26.095	25.637	25.075	25.013	25.399	24.993	26.229	25.652	25.858	25.062	26.018	25.607	23.336	25.022	25.408	25.265	25.854	25.971	25.771	25.457	26.163	25.376	25.103	26.01	25.46	25.962	24.938	25.762	27.397	25.775	24.854	24.671	26.145	26.186	25.182	25.554	25.777	24.897	25.616	24.956	25.109	27.329	24.996	25.398	24.986	25.757	24.885	25.232	25.389	25.629	25.037	24.91	25.572	25.725	26.129
citricacid	citricacid	21.042	21.874	21.174	21.641	21.733	21.14	21.554	21.36	21.082	21.52	21.326	21.971	22.267	20.103	21.112	21.327	21.745	19.19	21.335	21.819	21.952	22.169	21.651	21.824	21.477	21.724	21.26	21.51	21.201	21.189	21.915	21.313	21.059	21.563	20.074	20.636	21.99	21.878	20.668	21.165	21.053	21.285	21.404	22.266	21.751	22.034	21.444	21.479	22.017	21.721	21.531	21.902	21.05	21.194	22.418	21.448	21.778	20.943	21.379	21.345	21.201	21.695	21.363	21.568	21.174	21.685	21.471	21.605	21.977	19.652	21.708	20.819	22.187	21.338	20.789
creatinine	creatinine	21.927	20.716	21.493	20.725	21.502	21.87	20.664	21.368	20.264	21.025	18.799	22.63	21.202	21.025	20.996	21.971	21.639	20.842	20.788	22.046	20.101	21.139	20.47	20.979	19.499	21.08	22.271	20.226	22.111	20.931	20.334	22.283	20.165	20.382	21.859	22.43	20.984	21.37	21.109	20.455	20.836	21.268	21.557	19.143	20.704	19.595	20.511	21.388	21.673	23.342	20.585	21.031	22.191	22.516	19.568	21.894	20.975	21.656	21.88	21.844	21.952	18.974	21.909	20.361	21.571	20.349	19.767	21.368	22.017	21.893	18.822	20.778	22.453	19.315	21.329
D_(+)_galactose	D (+) galactose	25.488	19.163	20.304	21.527	19.263	18.337	21.555	19.298	22.316	20.424	22.301	21.383	19.855	25.274	18.341	18.36	20.091	17.377	23.261	21.24	21.268	20.93	19.321	21.285	21.743	19.914	18.983	19.996	21.297	18.543	19.708	16.845	22.232	22.399	19.107	16.601	21.201	16.937	21.314	18.59	23.055	26.155	16.36	18.541	20.182	18.855	22.714	20.708	18.277	19.927	20.252	21.017	19.535	18.463	23.503	21.098	18.361	21.604	22.067	18.842	18.259	19.882	20.095	19.939	20.922	18.518	21.159	22.316	16.993	17.99	18.96	22.361	17.521	18.855	18.407
dehydroascorbic_acid	dehydroascorbic acid	NA	NA	20.989	NA	NA	NA	NA	NA	NA	NA	NA	NA	NA	NA	NA	NA	NA	21.089	NA	NA	NA	NA	NA	NA	NA	NA	21.574	NA	NA	22.409	NA	NA	NA	NA	NA	NA	NA	NA	NA	NA	20.911	NA	NA	19.598	NA	22.222	NA	NA	NA	NA	NA	NA	NA	NA	21.336	NA	NA	NA	NA	NA	NA	19.08	NA	NA	NA	19.918	NA	20.941	NA	21.045	NA	NA	NA	NA	NA
D-fructose-6-phosphate	D-fructose-6-phosphate	19.614	23.397	17.93	22.174	21.235	20.937	21.843	21.201	19.992	20.919	19.835	22.166	22.66	19.06	19.792	20.875	21.668	21.852	20.237	22.141	19.465	20.836	19.898	20.881	20.141	22.034	22.302	20.151	22.612	22.845	20.445	19.801	22.745	21.878	19.835	14.836	19.785	19.639	21.343	20.69	19.973	20.783	20.023	20.618	21.201	21.175	22.749	19.793	19.619	21.081	20.935	21.955	20.121	20.801	21.256	19.167	20.486	20.587	21.953	22.05	22.087	19.012	23.742	20.917	21.997	21.292	21.988	19.509	20.039	19.862	21.775	22.891	19.441	20.091	20.623
D-gluconic_acid	D-gluconic acid	16.216	23.674	22.804	22.999	22.766	22.739	15.986	22.769	23.269	22.788	20.707	23.178	23.39	23.335	23.822	23.03	19.774	17.806	22.735	20.36	23.061	23.188	19.949	16.911	20.199	22.615	17.242	23.469	17.224	22.561	20.237	22.923	20.828	16.239	22.534	23.327	15.877	22.677	22.431	16.753	17.088	22.45	23.409	17.756	23.901	23.754	22.941	23.495	20.463	21.791	23.274	23.211	23.114	23.128	22.212	15.729	22.964	16.879	23.066	22.055	22.227	19.943	21.215	22.898	22.165	23.343	22.878	21.528	19.853	23.406	21.927	19.938	23.897	23.729	24.571
D-glucose	D-glucose	20.821	22.958	23.83	24.676	22.691	21.96	24.771	21.979	25.759	24.531	25.636	24.771	23.488	20.136	21.332	20.288	23.526	23.008	25.992	24.726	24.69	24.407	22.952	24.484	25.1	23.44	22.515	23.309	24.491	22.958	23.336	20.869	25.146	25.629	21.394	19.285	24.587	21.065	24.498	23.778	26.061	21.211	20.223	22.461	23.338	22.487	25.558	23.815	22.534	23.471	23.851	24.27	23.171	22.511	25.855	24.264	21.866	24.828	25.402	22.502	21.778	23.683	23.846	23.285	24.311	22.494	24.571	25.708	21.448	22.353	22.672	25.341	22.003	22.291	22.239
D-glucose-6-phosphate	D-glucose-6-phosphate	19.683	23.846	17.088	22.627	21.709	20.85	22.49	21.543	19.038	21.833	18.795	22.632	23.354	17.604	19.79	21.263	22.075	22.674	20.041	22.429	19.304	21.326	19.985	21.075	20.209	22.891	23.067	19.589	23.455	23.513	20.079	20.046	23.508	22.584	18.672	16.431	16.939	19.673	21.646	21.128	19.212	21.051	19.276	20.119	21.601	21.917	23.34	19.41	18.304	20.916	20.618	22.697	19.521	20.787	21.721	19.161	20.47	20.74	22.417	22.936	22.67	19.101	24.025	21.878	22.862	21.462	22.039	19.839	19.597	19.735	22.647	23.488	19.835	19.83	21.049
DL-2-Aminoadipic_acid_(spectral_match)	DL-2-Aminoadipic acid (spectral match)	22.097	21.867	23.06	23.249	23.448	21.04	22.301	23.183	23.529	24.08	23.564	20.835	24.272	22.668	23.054	21.245	23.013	22.862	22.235	22.544	21.138	22.821	22.546	21.718	23.46	24.155	23.053	22.162	23.128	22.686	22.896	22.924	21.201	22.717	24.737	21.386	23.625	21.936	21.938	24.26	22.783	22.335	24.809	23.324	23.553	24.912	23.317	22.982	20.963	24.312	23.65	22.724	22.463	21.969	22.338	22.685	23.842	24.122	22.326	22.477	22.14	20.007	21.45	25.379	22.94	22.24	23.278	22.749	22.35	23.904	24.762	22.199	19.58	23.742	22.811
DL-3-aminoisobutyric_acid__(spectral_match)	DL-3-aminoisobutyric acid  (spectral match)	19.205	19.21	19.877	19.837	20.655	21.208	17.133	22.3	19.189	18.111	16.672	16.191	18.714	18.748	21.765	18.356	17.772	17.597	18.072	20.492	17.495	16.437	21.249	17.724	21.104	21.262	19.959	17.433	18.393	20.674	17.09	21.193	19.041	21.657	20.047	22.3	17.586	16.506	18.286	18.773	17.684	19.797	20.732	18.181	17.406	22.15	19.185	20.87	17.867	21.177	17.828	19.005	19.971	18.885	17.535	19.689	19.481	22.134	19.811	19.755	18.005	17.764	19.479	21.594	19.133	17.316	17.846	19.378	21.013	22.483	20.546	22.471	17.683	20.798	18.74
DL-isoleucine	DL-isoleucine	22.681	22.57	22.476	22.557	22.097	22.706	21.023	21.835	21.27	19.195	22.782	22.052	20.904	23.443	22.987	22.841	22.773	23.409	21.588	21.445	20.077	23.25	22.787	22.378	22.62	22.592	23.535	21.119	22.669	23.154	23.212	22.466	21.556	22.056	23.47	22.47	18.224	22.046	21.543	22.892	21.824	22.73	22.901	22.011	22.31	22.049	22.065	22.708	21.966	22.317	20.181	22.694	21.723	22.19	21.042	22.648	22.993	22.726	21.711	22.645	21.748	17.877	23.18	22.438	22.636	22.316	22.385	21.314	22.777	20.739	22.85	22.745	13.313	21.995	21.788
D-malic_acid	D-malic acid	22.632	23.181	21.985	22.767	22.64	22.815	22.049	22.179	21.669	22.906	22.523	22.294	22.969	21.697	22.815	22.28	22.221	22.812	21.538	23.302	22.569	22.169	22.719	22.438	22.406	22.679	23.256	21.588	22.482	22.814	22.41	21.708	22.417	22.181	22.689	22.917	22.54	22.192	22.233	22.359	22.302	22.271	22.488	23.652	22.212	22.013	22.45	22.942	21.96	22.852	22.944	22.358	22.355	22.62	22.055	22.58	22.107	21.98	22.245	22.707	22.85	21.559	22.861	22.604	22.598	22.773	22.086	22.193	22.644	22.471	22.233	22.59	22.975	22.241	22.033
D-mannitol	D-mannitol	23.697	22.697	23.51	21.191	23.243	23.33	23.656	23.438	23.806	18.681	17.453	18.441	24.735	24.183	24.617	23.114	23.082	17.539	23.464	23.151	23.714	23.947	23.366	23.586	23.777	23.454	18.51	23.976	23.487	17.034	24.1	23.808	22.506	23.867	23.931	20.555	23.501	23.389	23.487	17.796	23.766	23.834	23.598	18.544	23.329	24.926	23.17	24.007	19.207	17.907	23.442	22.934	23.506	23.386	20.919	21.008	23.782	22.613	18.225	17.331	22.835	24.567	18.15	23.731	22.38	20.427	23.986	19.594	24.396	16.502	19.857	22.615	24.297	23.724	22.236
D-mannose	D-mannose	17.451	18.185	19.607	19.442	17.118	19.673	19.735	17.373	21.354	19.87	19.382	19.008	18.634	18.283	14.44	18.598	18.254	19.719	21.821	20.383	19.757	19.309	18.457	19.795	18.519	18.436	19.575	18.669	18.987	19.087	19.667	17.966	21	19.942	18.22	17.808	18.983	17.939	19.226	18.277	20.456	18.552	17.927	18.304	19.404	19.959	19.61	19.186	17.141	18.423	19.464	18.548	18.69	16.892	21.074	19.482	17.282	19.946	19.971	18.147	16.938	18.909	19.769	18.468	18.832	18.76	18.53	19.05	19.899	19.198	17.545	20.669	19.991	17.435	NA
docosahexaenoic_acid	docosahexaenoic acid	NA	20.65	NA	NA	19.437	NA	NA	NA	NA	NA	NA	NA	19.496	NA	21.173	NA	NA	NA	NA	NA	NA	NA	NA	NA	NA	NA	NA	NA	NA	NA	21.092	19.682	18.467	NA	NA	19.691	NA	NA	NA	19.464	NA	NA	NA	NA	19.385	NA	NA	NA	20.289	NA	NA	18.82	NA	NA	NA	NA	NA	NA	NA	NA	NA	21.04	NA	19.402	NA	NA	NA	NA	NA	NA	NA	NA	NA	19.183	22.014
D-ribose-5-phosphate	D-ribose-5-phosphate	18.102	19.089	19.69	19.697	20.235	19.824	19.031	17.992	20.284	20.831	20.363	19.926	20.763	21.187	19.608	20.354	17.986	17.662	19.016	19.277	19.479	19.8	19.666	20.723	20.876	20.277	21.053	19.69	19.459	20.788	13.84	20.093	20.49	21.162	18.637	17.347	19.592	20.145	18.299	20.336	18.555	20.511	17.22	20.854	19.951	20.342	19.382	19.547	20.219	19.395	19.563	19.982	19.471	19.265	21.204	19.998	19.621	20.23	19.336	20.13	19.274	19.776	21.056	20.769	19.019	20.719	18.991	19.995	18.719	20.083	20.122	19.422	17.122	19.409	NA
D-ribulose-5-phosphate	D-ribulose-5-phosphate	18.48	20.049	20.149	16.994	21.413	18.434	18.384	17.522	18.201	21.398	19.71	21.089	19.923	15.136	18.054	20.065	18.542	15.218	17.522	17.845	20.581	19.752	17.516	20.793	21.297	20.195	20.291	17.93	18.184	20.536	NA	19.377	20.036	22.089	17.781	18.084	18.372	20.464	18.846	20.662	20.131	17.245	17.105	20.127	20.341	19.102	20.195	19.535	19.947	18.977	16.659	21.151	18.601	11.892	20.941	19.793	17.482	19.356	17.263	19.205	20.387	19.8	21.21	19.921	18.484	16.583	18.387	20.293	17.935	19.585	21.01	17.446	17.536	18.403	NA
D-sorbitol	D-sorbitol	25.363	21.225	22.095	25.698	19.478	25.107	24.825	23.634	22.065	20.719	19.124	19.715	22.166	26.224	22.856	21.743	24.75	18.439	25.037	21.845	24.882	25.595	25.115	24.847	23.902	21.755	20.045	25.919	22.677	21.694	26.004	25.446	22.542	21.276	24.749	21.805	25.182	25.304	25.023	19.992	25.287	25.435	25.627	19.613	19.642	23.054	21.481	20.341	20.206	19.302	22.102	20.142	25.436	22.276	25.103	25.861	25.557	22.067	18.489	24.975	24.88	26.333	19.33	23.025	21.355	20.893	25.526	20.011	26.014	19.349	21.947	23.958	25.869	21.577	22.95
fructose	fructose	20.503	20.936	19.315	21.146	20.803	19.49	21.46	19.135	19.325	20.285	20.589	21.729	20.968	18.573	19.529	19.369	20.712	22.119	20.593	21.244	19.463	20.041	20.573	19.824	20.691	19.479	20.747	19.461	21.469	21.409	20.619	19.47	22.276	20.068	19.105	19.365	20.737	18.628	20.162	19.737	21.008	19.295	19.57	21.074	20.602	19.229	21.825	20.496	19.669	20.909	19.84	19.737	20.442	20.593	21.623	19.279	19.315	21.201	21.903	19.519	19.149	19.411	20.427	19.603	20.444	20.046	19.42	19.448	20.335	20.063	19.666	21.765	20.325	19.562	NA
fumaric_acid	fumaric acid	22.12	22.246	18.909	22.692	18.709	21.518	21.866	21.845	22.313	22.309	22.266	21.485	22.146	22.718	22.187	20.895	21.503	20.662	20.737	22.314	21.673	21.45	22.089	21.818	22.305	21.444	19.187	21.979	19.968	21.984	21.823	21.408	18.241	22.757	22.554	20.382	22.27	18.65	21.264	21.925	21.968	19.684	21.469	22.478	18.03	22.326	20.357	22.894	23.171	21.881	22.207	21.484	22.106	21.456	20.559	22.548	18.689	21.043	21.975	21.473	21.87	22.32	21.739	21.913	18.156	22.523	22.213	22.063	21.911	20.002	21.669	18.692	19.952	22.551	21.096
galactitol	galactitol	23.4	20.51	23.769	26.165	22.937	23.272	25.793	25.833	25.822	18.048	19.505	21.051	24.819	26.559	26.894	25.061	25.467	19.424	23.466	20.618	23.538	26.324	25.653	23.099	23.953	25.694	20.442	26.262	21.01	19.597	25.979	25.951	21.168	26.114	26.279	18.835	20.157	17.975	25.716	17.785	23.717	25.911	25.945	19.86	22.91	27.075	23.387	26.076	18.58	17.83	23.527	22.878	21.235	19.91	23.2	26.395	25.931	19.279	18.574	21.802	25.19	22.85	18.547	23.283	22.762	18.289	26.272	19.428	26.473	17.396	19.77	21.055	26.366	19.143	24.474
glyceric_acid	glyceric acid	18.977	19.337	18.958	19.354	18.009	18.121	18.777	18.366	19.025	18.353	18.924	20.486	18.291	19.264	18.815	18.664	19.217	20.601	18.823	18.85	18.326	19.123	19.008	18.593	17.989	17.944	19.064	18.743	19.112	18.248	20.098	17.999	18.782	18.197	19.14	18.785	19.67	18.252	18.744	19.35	19.183	19.195	18.927	19.865	17.935	18.772	18.133	19.216	18.27	19.44	19.386	17.666	18.604	19.897	17.898	18.675	19.329	18.507	18.753	17.405	17.421	18.912	19.571	18.685	19.013	18.874	18.939	18.673	18.936	19.479	17.599	18.95	18.95	19.018	17.606
glycerol_3-phosphate	glycerol 3-phosphate	24.268	24.718	23.68	23.941	24.213	24.557	24.552	23.83	26.244	24.268	23.985	26.301	24.662	24.718	23.725	24.626	24.965	23.071	24.464	25.078	24.537	25.096	23.268	23.262	23.508	24.394	25.2	23.808	25.445	24.331	22.662	24.017	23.966	23.804	24.104	23.729	24.229	24.576	23.736	24.073	24.092	23.923	24.621	23.961	24.247	24.99	24.42	23.713	25.283	25.455	24.346	24.85	24.552	25.794	24.362	24.406	23.794	24.577	25.406	24.573	24.267	24.049	26.108	24.525	24.429	26.283	24.622	24.184	25.236	23.499	24.381	24.243	24.645	23.38	24.637
glycine	glycine	25.766	26.208	26.434	25.82	26.589	25.852	25.058	25.791	25.351	25.769	26.473	24.427	27.228	25.71	26.325	25.339	25.733	26.219	24.922	26.338	26.01	25.152	26.654	26.615	26.945	26.75	26.364	25.425	26.387	25.839	25.886	26.428	25.052	26.12	25.42	26.321	26.395	26.05	25.163	26.51	25.807	25.74	26.263	26.697	25.716	26.545	26.556	25.404	26.217	26.349	25.717	25.521	25.332	25.75	25.336	26.458	26.438	26.112	26.258	26.017	24.663	25.203	26.176	26.694	25.064	25.807	26.28	26.472	26.313	26.665	26.792	26.085	26.651	25.561	25.679
glycolic_acid	glycolic acid	18.335	17.42	17.835	18.1	16.49	17.363	17.873	18.026	18.387	17.794	18.438	19.068	18.511	18.535	17.454	18.656	18.448	17.923	18.276	17.946	17.921	18.442	18.676	17.314	17.704	17.609	19.764	17.956	18.505	18.685	18.397	17.719	16.888	17.674	18.599	17.618	17.951	17.387	18.39	17.666	18.111	18.014	18.52	19.781	17.342	19.139	18.094	18.773	18.207	18.397	17.961	17.347	18.536	17.651	17.648	17.909	18.373	17.659	18.156	17.901	17.91	18.402	18.953	17.863	18.487	18.086	16.988	17.659	18.225	18.147	17.231	17.867	18.312	18.04	19.589
heptadecanoic_acid	heptadecanoic acid	20.347	19.936	20.25	19.838	20.081	19.636	19.548	19.627	20.108	20.851	19.807	20.562	21.136	NA	20.818	20.673	21.121	22.803	20.431	19.832	21.029	19.874	19.736	19.55	19.331	19.348	20.568	19.652	20.423	19.727	21.734	20.446	19.457	19.561	20.117	21.015	20.229	20.52	20.325	20.998	21.201	20.182	19.813	20.32	19.133	20.859	19.757	20.066	21.899	20.294	20.657	16.161	20.356	20.245	19.437	20.205	20.646	19.631	19.797	19.457	19.881	21.758	12.122	20.069	19.852	19.818	19.394	20.274	19.443	22.013	19.735	19.662	20.128	19.759	19.591
homocysteine	homocysteine	18.889	20.062	18.825	18.209	18.653	20.198	18.343	20.82	15.543	14.067	19.985	21.203	18.289	16.926	20.07	21.273	21.507	18.139	20.016	22.439	17.204	19.292	21.683	18.533	17.635	19.943	20.616	18.58	21.945	21.296	18.588	19.862	18.684	20.25	21.024	18.596	18.949	19.915	20.691	21.201	19.371	19.018	18.125	21.217	16.736	20.439	18.151	19.812	19.186	21.855	18.277	17.723	20.971	20.366	18.56	18.624	21.671	20.367	20.995	17.523	21.971	17.05	21.708	16.974	19.474	16.437	20.995	19.023	20.624	18.959	18.516	22.031	18.14	21.244	21.861
hypotaurine	hypotaurine	23.918	24.418	23.407	23.804	23.926	24.224	24.366	22.433	22.067	23.657	24.001	21.683	23.964	23.819	22.433	25.102	23.696	21.282	23.432	22.9	23.059	22.933	23.758	24.268	23.536	25.178	20.569	24.252	24.114	25.875	22.717	23.883	22.292	25.375	21.994	24.597	24.542	24.823	23.903	25.603	23.752	25.077	23.321	24.376	24.578	19.905	25.027	23.028	24.935	23.557	24.097	23.533	24.002	24.205	25.02	24.868	22.58	23.932	22.306	24.404	23.853	23.982	24.477	24.832	23.22	22.788	23.85	22.504	24.389	23.305	23.821	25.464	24.001	23.611	22.22
L-2-aminoadipic_acid	L-2-aminoadipic acid	17.029	14.449	17.435	18.977	20.733	20.508	15.702	18.417	17.884	16.926	16.643	17.374	15.041	16.89	19.723	18.447	18.544	18.392	17.202	20.169	18.665	16.061	20.188	18.42	20.009	21.808	18.76	15.461	17.044	21.165	16.648	19.413	16.787	18.072	19.648	16.192	16.841	16.141	16.776	20.802	16.292	18.74	19.299	18.022	19.319	19.278	16.923	16.246	17.406	21.355	20.423	20.776	18.608	21.445	16.698	18.779	20.802	22.208	19.065	19.266	16.196	16.124	19.608	20.889	17.464	17.302	17.244	16.75	21.378	17.729	22.968	20.013	21.043	17.002	21.179
lactic_acid	lactic acid	25.475	26.544	25.542	24.944	25.028	25.109	24.616	25.049	25.258	25.587	25.619	25.238	26.444	25.709	26.432	25.475	25.269	26.003	25.005	25.359	25.428	25.933	25.155	25.367	25.139	25.303	25.931	25.599	25.734	25.141	26.138	25.501	25.261	25.26	25.616	25.205	25.63	25.204	25.201	25.502	25.547	25.281	25.458	25.4	24.978	26.303	25.068	25.883	25.973	25.601	25.609	24.843	25.266	25.572	24.262	25.483	25.223	24.929	25.664	25.136	24.639	25.76	25.327	25.504	24.731	25.813	25.384	25.284	25.364	25.838	25.238	25.064	25.912	25.777	26.736
L-alanine	L-alanine	25.08	25.03	25.528	25.447	25.01	25.058	25.458	24.575	25.013	25.447	25.733	20.364	26.1	25.697	25.812	25.056	24.932	25.245	24.536	25.19	24.929	25.502	25.242	25.537	25.217	25.946	25.905	24.115	25.204	25.595	25.351	25.486	25.381	25.111	25.639	26.211	25.256	25.096	24.547	25.458	25.071	25.723	25.296	25.692	24.848	25.846	25.347	25.576	25.095	25.311	25.509	25.255	24.878	25.699	24.529	25.679	25.228	24.877	25.078	25.09	24.615	24.601	24.575	25.309	25.297	25.284	25.58	25.15	25.846	25.096	25.803	25.199	25.415	25.771	25.739
L-aspartic_acid	L-aspartic acid	24.193	18.171	22.988	24.223	23.234	24.695	23.721	23.265	23.508	25.224	23.936	23.123	16.314	24.606	23.858	23.75	23.899	16.193	23.992	25.405	24.268	23.109	24.292	23.191	23.307	24.135	20.196	23.329	24.123	23.534	12.397	23.249	20.206	21.512	23.874	24.874	23.552	23.496	22.969	23.225	23.967	23.211	23.862	24.914	23.657	15.987	23.053	23.566	23.786	24.928	25.158	23.134	24.621	25.288	22.9	24.18	23.85	23.969	24.428	23.718	23.635	NA	23.29	24.205	22.806	24.215	23.25	23.618	24.766	22.89	22.654	23.129	23.378	23.59	23.219
L-cysteine	L-cysteine	21.851	21.7	23.407	22.368	22.501	22.109	21.51	21.791	21.576	21.917	22.799	22.088	23.152	22.931	22.206	22.268	21.952	24.112	22.098	22.526	23.091	23.257	22.964	21.772	22.965	22.617	21.145	22.927	22.397	22.449	23.362	22.36	22.25	22.999	22.326	22.781	22.8	22.374	22.353	23.706	22.306	22.409	21.776	22.413	21.932	22.448	22.22	22.966	23.349	23.058	22.732	22.438	21.679	22.05	21.094	22.107	22.52	21.618	21.696	21.829	22.031	23.526	21.958	22.964	21.969	23.101	22.406	21.898	22.887	24.073	22.61	22.796	21.876	22.865	21.81
L-glutamic_acid	L-glutamic acid	24.41	23.501	24.08	24.775	24.736	24.753	23.73	23.913	23.347	24.476	24.55	23.788	24.682	23.991	24.541	24.82	24.122	24.581	23.886	24.72	24.44	23.304	24.348	24.001	24.663	24.633	25.558	23.19	24.326	24.809	23.626	24.12	23.29	23.69	23.736	24.36	24.65	24.206	22.994	24.128	24.066	24.183	23.709	25.026	24.19	24.276	23.549	24.044	24.136	24.969	24.075	23.983	24.97	25.194	23.434	24.578	24.014	24.142	24.685	24.15	23.784	23.441	23.349	23.986	23.657	24.116	23.888	23.874	24.977	24.317	24.661	24.1	25.644	23.692	24.96
L-glutamine	L-glutamine	NA	NA	NA	NA	NA	21.728	NA	NA	NA	NA	NA	NA	NA	NA	NA	21.303	NA	NA	NA	NA	NA	NA	21.118	NA	NA	NA	NA	NA	NA	21.131	NA	NA	NA	NA	NA	NA	NA	NA	NA	NA	NA	NA	NA	NA	NA	NA	NA	NA	NA	22.201	NA	NA	NA	22.899	NA	NA	NA	21.173	NA	NA	NA	NA	21.965	NA	NA	NA	NA	NA	21.799	NA	NA	21.434	NA	NA	NA
linoleic_acid	linoleic acid	19.976	20.082	19.673	20.364	19.768	19.654	19.242	19.477	20.465	19.907	19.946	20.516	20.104	21.023	21.275	20.892	19.062	21.357	20.138	19.338	20.533	19.519	20.788	19.507	20.062	19.433	20.51	19.417	20.16	19.993	23.058	19.649	18.849	20.077	20.261	19.84	19.611	20.199	19.229	20.833	20.063	19.6	20.321	20.321	19.273	20.603	19.451	20.178	21.07	19.401	18.837	18.704	19.527	20.067	18.988	19.964	20.338	19.189	20.767	19.391	19.563	22.012	17.431	19.842	19.328	20.628	20.554	21.152	20.364	20.62	20.012	19.701	19.468	20.844	21.875
L-leucine	L-leucine	23.688	23.892	23.991	23.642	22.753	23.281	23.218	23.334	23.188	23.382	24.145	22.21	24.426	24.525	24.22	23.546	23.098	24.805	23.189	22.662	23.057	24.285	23.589	23.294	23.537	24.105	23.942	22.883	23.847	23.604	24.239	23.782	21.991	23.157	24.232	23.595	22.895	23.585	22.782	24.12	23.527	23.546	23.902	23.768	23.379	24.268	23.1	23.922	23.661	23.523	22.896	23.555	22.797	23.565	22.996	23.737	23.894	23.314	23.197	23.639	22.635	23.418	24.077	23.937	23.631	23.858	23.456	23.75	23.847	23.744	23.821	23.247	23.128	23.851	23.358
L-lysine	L-lysine	23.601	22.918	23.574	22.489	23.593	22.395	23.292	22.852	22.392	23.409	23.689	20.759	24.163	23.613	22.266	23.843	22.765	23.84	22.847	21.933	23.448	23.601	23.127	23.313	23.718	23.824	23.871	22.693	22.951	23.646	23.875	23.777	23.652	23.582	22.614	24.201	23.075	23.584	22.148	24.27	23.53	22.443	23.295	23.05	23.436	23.362	23.159	22.782	24.167	22.871	22.056	23.351	22.537	22.264	22.958	23.696	23.348	22.864	21.984	23.769	22.494	23.992	22.608	24.172	22.293	23.55	22.858	23.315	23.164	23.688	24.147	23.399	22.696	22.872	20.463
L-methionine	L-methionine	21.679	20.456	21.792	19.811	20.681	20.881	18.853	18.362	19.654	20.893	21.947	19.803	20.689	19.99	21.484	21.219	20.929	22.103	16.564	20.218	20.8	22.008	18.309	21.415	21.017	19.227	21.304	19.29	19.514	19.872	22.406	21.533	19.517	20.988	19.024	20.521	21.627	20.12	20.145	21.724	19.928	21.374	19.634	20.376	21.443	19.786	16.789	21.708	19.847	22.24	20.075	21.464	18.304	20.817	20.685	21.823	18.912	21.6	19.49	21.413	15.394	19.78	21.807	19.602	21.211	20.231	19.066	20.491	22.025	21.284	21.871	20.569	21.255	21.337	21.315
L-mimosine	L-mimosine	21.793	22.164	20.632	21.305	21.759	21.669	20.504	21.22	19.965	21.787	21.952	23.153	22.06	21.216	21.564	23.318	22.966	22.17	21.201	21.799	21.622	19.802	21.496	20.873	20.609	20.973	23.097	19.67	22.141	21.787	20.036	21.3	21.967	20.76	21.479	21.806	21.23	22.179	21.526	22.085	22.081	21.88	20.915	22.059	21.986	21.618	21.77	22.223	23.533	22.027	20.66	21.252	22.49	22.224	21.182	21.077	22.037	20.875	21.725	21.513	21.849	21.304	20.915	21.151	20.459	20.794	20.607	20.495	21.282	22.536	20.615	21.365	22.208	21.121	20.374
L-proline	L-proline	23.564	25.118	24.162	24.495	23.405	24.559	23.247	23.573	23.357	23.183	23.911	20.858	23.813	24.212	24.16	23.9	23.312	23.809	23.096	22.799	23.849	24.125	24.661	24.04	23.095	24.53	24.061	23.363	23.675	24.815	23.489	24.057	23.159	26.107	23.878	24.478	20.096	23.783	23.355	24.358	23.045	24.619	24.247	21.011	23.337	23.287	23.411	24.335	24.664	24.317	24.065	23.996	23.852	24.253	21.181	24.298	23.924	23.725	23.496	23.673	23.17	18.679	24.289	24.513	24.86	23.87	24.316	22.818	24.468	23.543	25.335	23.537	21.14	24.727	24.045
L-pyroglutamic_acid	L-pyroglutamic acid	25.803	26.143	25.876	26.11	25.643	25.715	26.064	25.86	25.874	25.737	26.134	25.734	26.718	25.606	25.943	26.079	25.871	25.872	25.461	25.838	25.613	25.694	25.715	25.639	26.009	25.964	25.382	25.727	25.75	25.97	25.864	25.845	25.359	26.251	26.117	25.724	26.466	26.02	25.343	26.033	25.878	25.911	26.042	26.412	25.654	26.015	25.73	26.32	26.298	25.958	25.584	25.545	26.089	26.159	25.621	25.873	25.98	25.631	26.054	25.572	25.202	26.162	25.969	25.864	25.694	25.85	25.612	25.862	26.175	26.326	25.862	25.845	26.753	25.958	27.043
L-serine	L-serine	25.174	24.958	24.932	24.58	25.223	25.208	24.527	25.318	23.473	24.389	24.302	24.264	25.717	23.493	25.545	25.477	25.204	25.811	24.521	24.972	24.612	24.459	25.042	23.942	24.786	25.503	26.103	24.979	25.147	25.928	24.832	25.521	24.992	25.755	24.761	24.467	23.729	24.971	24.464	25.716	24.288	25.32	25.391	25.152	24.601	25.346	24.768	25.626	25.036	25.261	25.05	24.006	25.078	25.638	24.408	25.077	25.005	25.126	24.765	25.048	24.506	22.289	25.007	25.567	25.605	25.072	24.001	24.276	25.028	25.544	25.17	25.452	24.882	25.345	25.462
L-threonine	L-threonine	24.672	24.759	24.711	24.097	24.709	24.257	23.942	24.453	24.212	23.88	24.523	24.112	25.016	24.342	24.555	24.758	24.368	24.544	24.114	24.321	23.924	24.615	24.561	24.267	24.282	24.844	25.353	24.188	24.189	24.787	24.507	24.579	24.225	25.001	24.532	25.232	24.476	24.463	23.809	24.764	23.894	24.465	24.676	24.374	24.112	24.507	24.713	25.084	24.295	24.703	24.054	24.265	24.51	24.976	23.994	24.604	24.621	24.626	23.833	24.402	24.024	23.54	24.552	24.738	24.784	24.35	24.053	24.573	24.693	24.871	24.915	24.36	24.381	24.596	24.604
L-tyrosine	L-tyrosine	NA	NA	NA	NA	18.549	19.914	NA	NA	NA	NA	NA	NA	NA	NA	22.33	NA	NA	NA	NA	NA	NA	NA	19.611	NA	18.038	19.028	NA	NA	NA	20.368	NA	17.436	NA	NA	NA	NA	NA	NA	NA	19.812	NA	NA	NA	NA	NA	NA	NA	NA	19.35	19.525	NA	18.686	NA	NA	NA	NA	19.338	NA	NA	NA	NA	NA	19.864	NA	NA	NA	NA	NA	NA	NA	21.165	NA	NA	NA	NA
L-valine	L-valine	24.468	24.13	24.372	24.184	23.858	24.121	23.749	23.689	24.161	24.19	24.696	23.675	24.799	24.822	24.323	23.916	23.862	24.781	23.853	23.65	23.546	24.897	24.234	24.177	24.53	24.622	24.751	23.922	24.384	24.507	24.961	24.299	23.242	23.779	24.722	24.458	23.792	24.067	23.512	24.64	24.267	24.045	24.454	23.688	23.792	24.817	23.929	24.245	24.243	24.267	23.872	24.113	23.965	24.449	22.579	24.424	24.214	23.983	23.973	24.007	23.745	24.011	24.854	24.466	23.979	24.303	24.425	24.663	24.436	24.177	24.678	23.829	23.801	24.459	24.414
maltose	maltose	21.705	21.287	21.125	22.057	21.582	21.626	21.885	21.658	20.245	21.087	21.668	20.544	22.744	21.087	22.289	20.7	21.52	22.278	20.94	20.726	20.363	22.693	23.017	20.967	20.845	21.732	20.936	22.123	21.932	20.77	21.319	21.002	20.442	20.804	20.846	19.639	21.207	21.431	22.277	21.671	22.601	20.175	21.186	22.278	21.251	21.604	20.401	21.883	22.099	20.986	21.194	21.101	20.47	21.333	21.201	21.922	21.201	20.679	20.252	21.117	19.225	21.981	21.36	20.224	21.767	21.38	21.307	22.631	21.223	22.45	21.319	20.965	21.146	20.7	20.956
myo-inositol	myo-inositol	25.592	25.905	26.299	26.15	25.578	25.389	26.11	25.171	26.504	26.41	25.625	26.788	26.063	26.672	24.931	26.262	25.661	26.768	25.174	25.912	24.606	26.609	25.283	24.871	23.927	25.189	26.124	25.104	25.702	25.708	23.848	25.328	25.39	26.003	26.549	25.883	25.61	26.203	25.345	25.446	25.142	26.01	26.366	25.713	25.812	25.256	25.099	25.211	25.662	26.056	26.196	25.637	26.137	26.23	25.313	25.237	24.967	25.258	26.152	25.347	25.394	24.239	26.102	25.565	25.524	25.414	26.161	26.304	26.194	26.433	25.539	25.228	26.26	24.631	25.64
myristic_acid	myristic acid	22.928	23.06	22.655	23.016	21.917	22.912	22.819	22.722	23.093	22.709	23.346	22.9	23.147	23.167	23.19	22.184	22.823	24.361	22.415	23.005	22.525	23.22	22.838	22.111	22.196	22.021	22.242	23.497	23.05	21.704	23.502	22.44	21.431	22.589	23.531	22.836	23.463	21.797	22.959	22.394	23.285	22.787	23.208	23.703	21.549	22.913	22.6	23.383	23.418	22.999	23.395	21.543	23.052	22.806	21.574	22.217	22.648	22.05	22.989	21.278	21.583	24.023	23.335	22.238	22.42	23.727	22.94	22.883	22.909	23.162	22.176	22.179	23.262	23.017	22.768
N-acetyl-L-aspartic_acid	N-acetyl-L-aspartic acid	NA	NA	NA	NA	NA	NA	NA	NA	NA	NA	NA	19.653	NA	NA	NA	19.866	NA	NA	NA	NA	NA	NA	NA	NA	NA	NA	NA	NA	NA	NA	NA	NA	NA	NA	NA	NA	NA	NA	NA	NA	NA	NA	NA	NA	NA	NA	NA	NA	19.331	NA	NA	NA	20.365	21.247	NA	NA	NA	NA	19.366	NA	NA	NA	NA	NA	NA	NA	NA	NA	NA	NA	NA	NA	NA	NA	19.776
N-formylglycine	N-formylglycine	20.181	22.142	21.322	20.353	22.693	20.732	20.076	20.086	18.773	20.869	21.141	21.092	21.902	20.756	21.482	20.371	19.393	22.928	20.199	19.612	20.857	20.463	20.221	21.329	21.386	20.292	20.995	19.645	20.868	21.509	21.622	18.308	20.044	20.286	20.331	21.262	21.738	20.413	20.199	20.348	21.02	20.16	20.961	22.827	19.84	22.012	19.993	20.674	21.91	20.567	21.401	20.775	22.508	20.612	21.213	20.376	20.568	19.715	20.806	21.434	19.737	22.505	20.183	20.254	21.467	20.981	18.195	21.538	20.615	21.172	20.315	21.219	22.092	20.468	20.223
N-methylalanine	N-methylalanine	22.208	20.668	21.14	20.34	21.827	22.504	22.073	20.33	21.994	22.268	21.201	21.201	20.82	21.151	21.52	19.018	18.93	21.152	20.817	22.355	20.676	21.201	21.201	21.427	21.601	22.162	20.123	22.402	22.172	21.757	20.582	22.265	21.358	22.264	22.863	23.318	21.347	21.192	20.84	22.201	21.336	22.702	22.021	21.378	21.176	20.701	22.119	21.876	23.6	22.651	21.856	21.63	22.137	21.867	19.52	22.503	22.068	22.392	21.611	21.362	21.406	21.125	22.105	23.051	22.125	21.409	21.35	22.499	21.65	22.581	22.78	22.108	22.53	22.34	21.532
oleic_acid	oleic acid	22.642	23.607	22.663	22.842	22.742	22.229	22.397	22.354	22.986	21.93	23.16	22.923	23.01	22.858	23.834	22.935	22.62	23.55	22.516	22.662	22.961	22.827	22.253	22.39	22.814	22.533	23.316	22.864	22.536	22.385	25.728	22.733	21.81	23.017	23	22.986	22.24	22.648	22.776	23.041	23.146	22.526	22.605	23.36	22.284	23.261	22.893	23.23	24.336	22.719	21.668	22.151	22.882	23.031	22.131	22.298	22.572	22.361	23.106	21.649	21.988	24.475	22.751	22.717	22.603	22.679	22.879	22.896	22.717	23.125	22.45	22.321	22.733	23.637	24.843
O-phosphocolamine	O-phosphocolamine	25.214	24.99	23.85	25.058	24.598	24.56	24.85	24.508	23.947	24.542	25.159	24.333	25.658	25.68	24.533	26.031	25.053	23.165	24.217	23.444	25.12	24.168	24.437	24.844	24.463	24.606	25.393	24.63	24.214	25.711	23.759	24.973	24.251	24.944	24.446	26.288	24.305	25.79	24.274	25.282	24.819	24.699	23.536	25.316	25.092	24.733	24.491	23.368	26.006	23.915	24.218	24.81	24.671	25.247	25.054	24.765	24.758	24.643	24.707	24.955	23.965	25.423	23.976	25.311	24.184	24.554	24.7	25.714	25.061	24.584	24.56	24.143	24.945	23.39	23.318
palatinitol__(spectral_match)	palatinitol  (spectral match)	19.133	NA	17.596	19.324	18.593	15.243	17.979	14.525	18.812	19.654	NA	16.078	19.337	17.544	18.577	15.099	16.363	18.175	19.48	18.734	19.684	19.079	15.738	19.274	19.291	16.151	15.619	16.735	17.499	NA	18.41	18.059	NA	NA	13.359	NA	NA	17.6	NA	NA	13.469	19.325	19.106	NA	NA	NA	16.728	19.23	16.233	NA	16.594	NA	NA	14.566	18.155	18.169	17.504	17.331	NA	16.617	17.682	18.375	15.178	18.621	NA	11.635	NA	15.603	19.703	19.649	NA	18.547	14.214	18.63	NA
palmitic_acid	palmitic acid	24.203	24.925	24.003	24.234	23.98	23.968	23.99	24.014	24.457	23.974	24.71	24.377	24.53	24.541	25.065	24.214	24.141	25.573	23.809	24.21	24.124	24.393	24.051	23.743	23.923	23.772	24.333	24.677	24.457	23.663	26.609	24.14	23.143	24.301	24.598	24.531	24.395	23.829	24.034	24.462	24.675	24.191	24.273	24.979	23.045	24.76	24.253	24.747	25.275	24.136	24.454	23.161	24.269	24.302	23.311	23.934	24.16	23.58	24.28	23.121	23.392	25.503	24.462	24.103	23.614	24.66	24.059	24.276	24.104	24.639	23.627	23.495	24.116	25.002	25.778
pantothenic_acid	pantothenic acid	20.236	21.634	18.144	19.49	18.082	20.179	18.82	16.231	19.736	19.413	18.991	20.892	19.987	19.864	16.357	18.629	19.396	19.063	20.138	20.525	19.053	18.666	19.809	19.535	19.88	19.976	19.179	18.838	19.978	20.959	18.08	19.144	18.626	21.094	19.149	18.6	19.747	18.731	19.211	19.954	18.483	20.459	19.508	20.133	19.046	18.275	18.88	18.854	19.132	20.324	18.63	19.734	20.668	20.148	17.96	19.972	20.022	19.375	19.993	19.672	19.271	16.986	20.341	19.17	19.915	17.896	19.215	18.489	19.254	18.923	19.788	19.972	19.492	19.234	20.116
phenylalanine	phenylalanine	23.244	22.989	23.219	22.103	22.175	22.716	22.432	22.458	22.312	21.376	23.374	22.339	23.803	23.68	23.267	23.523	22.265	23.27	22.761	22.096	22.404	23.198	22.932	22.786	22.872	22.92	22.956	22.66	22.906	24.005	23.598	23.277	22.236	22.674	20.635	22.654	22.42	23.094	22.475	23.665	23.018	22.419	21.761	22.522	21.821	22.819	20.535	22.999	22.579	22.428	20.964	22.903	21.355	22.822	22.469	22.889	22.779	22.314	22.217	22.572	22.019	23.15	23.209	22.253	22.694	23.185	22.799	23.039	23.412	23.302	23.22	22.815	22.767	23.276	22.616
phosphoenolpyruvic_acid	phosphoenolpyruvic acid	19.21	NA	18.956	20.118	20.46	14.898	16.747	17.955	22.107	20.495	20.764	19.168	17.153	19.278	16.157	18.759	16.285	15.453	20.619	17.476	20.983	19.329	18.971	19.481	19.456	17.172	17.88	15.995	14.121	19.057	16.594	19.257	15.439	18.774	17.214	18.16	19.434	14.509	16.411	20.171	21.111	16.009	17.351	18.381	14.803	15.802	16.495	20.949	18.36	15.213	14.186	19.238	19.319	15.171	17.855	21.13	15.818	15.394	19.972	16.877	17.713	19.861	17.643	16.98	20.578	19.903	15.793	21.785	16.378	20.707	16.561	18.543	16.385	15.126	NA
phosphoric_acid_(spectral_match)	phosphoric acid (spectral match)	20.195	20.632	20.675	20.482	20.124	19.755	20	19.732	20.449	21.323	20.288	21.05	21.005	20.336	20.436	20.71	20.328	20.003	21.211	20.335	20.378	19.897	19.881	21.019	19.2	19.992	20.739	20.224	19.98	20.937	21.01	20.3	19.417	20.628	20.67	20.586	20.859	20.838	19.948	20.614	20.727	19.661	19.651	20.662	20.069	20.4	19.546	20.262	21.521	20.682	21.171	19.691	20.49	19.956	20.492	20.295	20.157	19.982	20.067	20.058	20.077	21.345	20.863	20.454	19.983	20.474	20.384	20.171	20.226	20.274	20.078	19.651	19.685	19.834	20.134
porphine	porphine	24.097	24.553	24.45	24.004	23.608	23.873	23.958	23.798	24.617	24.391	24.606	24.512	25.277	24.62	24.078	24.067	23.826	25.413	24.056	24.116	23.969	24.373	23.727	24.078	23.706	23.971	24.444	24.546	24.373	23.622	24.926	23.947	23.168	23.916	24.449	24.196	24.509	24.025	23.978	24.356	24.455	23.958	23.968	24.833	23.533	24.931	23.818	24.339	24.898	24.367	24.3	23.34	24.129	24.173	23.354	24.066	23.973	23.691	24.112	23.487	23.637	25.727	24.171	24.147	23.871	24.528	24.089	24.414	23.956	24.89	23.878	23.802	24.189	24.237	23.324
propylene_glycol	propylene glycol	20.268	17.874	21.454	20.215	21.102	19.366	20.997	20.208	22.069	22.152	20.497	27.098	21.854	21.746	16.457	21.094	21.094	22.961	20.654	21.069	21.418	21.125	19.847	19.217	21.603	22.724	21.381	21.238	20.391	20.782	21.201	19.551	17.152	19.4	21.506	22.466	21.584	20.803	20.824	22.217	21.303	20.38	20.368	20.447	20.091	20.697	21.344	21.191	20.327	20.065	21.251	19.78	21.5	21.557	22.141	21.229	21.721	20.362	21.243	19.352	19.242	22.399	21.918	19.289	20.939	21.167	20.593	21.979	16.766	22.843	20.315	20.767	20.348	19.284	NA
putrescine	putrescine	22.1	22.594	22.151	19.187	22.164	21.593	21.276	22.163	17.416	22.14	22.111	19.522	23.998	19.956	20.089	22.294	21.601	18.573	20.833	19.242	22.28	21.044	21.646	22.874	21.885	22.573	23.547	17.179	20.81	21.694	16.822	23.028	22.827	22.677	22.295	23.916	22.024	22.191	19.91	22.685	21.806	22.265	21.692	19.645	21.618	22.098	23.094	21.073	23.261	20.436	20.993	21.054	20.43	19.124	21.787	22.928	21.565	20.857	21.816	22.514	22.815	22.137	20.774	22.219	22.079	18.197	21.433	21.689	22.104	21.976	21.954	22.49	20.683	21.214	21.005
pyrophosphate	pyrophosphate	23.417	18.807	23.291	23.746	22.601	23.676	23.139	23.391	23.944	24.672	23.669	23.43	24.697	24.075	20.799	23.117	20.894	25.975	23.545	23.408	22.708	23.167	24.052	23.023	23.597	23.44	22.323	23.903	23.961	23.621	23.458	23.496	21.398	23.046	22.842	23.304	24.856	23.418	22.854	24.166	23.974	23.777	22.567	24.217	22.309	23.66	23.16	23.262	22.846	24.071	24.97	23.398	22.742	22.61	23.417	23.701	23.229	23.265	23.168	23.339	22.415	25.435	23.144	24.569	23.284	24.857	21.869	24.154	23.818	25.59	24.021	23.035	21.7	23.469	NA
pyruvic_acid	pyruvic acid	16.534	16.079	17.709	16.032	20.211	16.584	17.336	19.632	16.624	20.073	17.202	17.373	21.201	17.509	17.995	19.058	16.602	17.73	14.792	19.871	20.874	20.405	19.811	20.076	20.834	17.191	17.734	14.089	20.393	19.235	17.07	19.696	17.689	20.203	20.207	18.623	14.23	18.683	14.76	19.999	20.283	19.934	14.819	16.321	20.422	20.83	17.295	20.364	20.952	17.179	20.095	20.514	17.609	18.815	15.896	17.557	17.398	19.624	17.198	17.432	17.873	20.612	19.912	21.254	19.968	20.372	19.859	20.689	16.751	18.921	20.767	19.764	20.213	17.627	20.816
sarcosine	sarcosine	NA	21.606	NA	NA	NA	NA	19.735	NA	NA	NA	20.292	NA	NA	NA	21.26	NA	NA	NA	NA	NA	NA	NA	NA	NA	NA	NA	NA	NA	20.518	NA	NA	NA	NA	NA	19.404	NA	NA	NA	NA	NA	NA	20.893	NA	NA	NA	20.985	NA	20.846	NA	NA	NA	NA	NA	NA	NA	20.038	NA	NA	20.592	NA	NA	NA	NA	NA	NA	NA	NA	NA	20.113	NA	21.591	NA	NA	22.182	NA
scyllo-inositol	scyllo-inositol	21.186	21.97	24.342	22.931	22.351	22.114	25.343	21.382	23.479	23.678	22.751	24.216	23.139	25.297	21.887	23.767	23.252	23.922	23.105	23.418	22.82	24.184	21.813	21.784	21.201	21.339	23.562	21.046	22.036	23.459	19.582	22.664	24.161	24.102	24.725	25.667	25.707	23.615	22	22.154	21.675	23.627	24.617	22.726	25.285	21.929	21.965	23.017	21.379	24.206	23.307	24.951	22.933	22.584	22.723	22.026	21.215	22.583	22.93	22.998	23.425	21.425	23.655	23.076	22.728	22.022	23.439	23.31	24.21	23.754	22.254	24.001	23.472	21.524	21.165
stearic_acid	stearic acid	24.53	25.045	24.156	24.47	24.018	24.366	24.329	24.361	24.719	24.401	24.923	24.651	24.814	24.698	25.25	24.231	24.409	25.783	24.089	24.621	24.301	24.876	24.331	24.081	24.132	23.969	24.547	25.207	24.673	23.688	26.458	24.225	23.205	24.328	24.984	24.491	24.808	23.846	24.532	24.467	24.915	24.497	24.533	25.252	23.793	24.992	24.359	24.93	25.475	24.574	24.806	23.617	24.651	24.564	23.591	24.17	24.309	23.797	24.651	23.396	23.548	25.941	24.854	24.066	23.898	25.158	24.602	24.546	24.48	24.904	24.063	23.852	24.753	25.162	25.76
sucrose	sucrose	16.32	17.188	17.41	16.109	17.639	16.931	17.001	16.903	18.481	16.461	16.985	17.408	17.725	16.75	16.879	18.125	17.148	17.801	17.448	16.671	17.383	17.122	16.107	17.83	16.749	16.868	17.869	17.625	16.779	16.659	17.538	17.379	16.207	16.891	17.116	17.205	16.882	17.398	16.61	17.607	17.167	16.462	16.989	17.326	16.048	18.067	16.131	16.457	18.052	16.131	16.533	16.091	16.805	17.084	16.326	16.751	17.807	15.732	16.277	16.701	17.397	18.659	16.091	17.061	15.647	16.782	17.193	16.873	18.508	17.427	18.548	16.808	15.907	17.255	NA
timonacic	timonacic	22.927	22.308	22.738	22.431	20.141	22.547	22.537	21.952	21.088	18.611	21.895	22.029	19.222	22.459	21.783	22.777	22.758	22.778	22.065	22.021	19.534	22.056	22.78	20.982	18.704	22.795	20.96	21.597	22.132	22.023	22.089	20.507	19.465	20.444	22.07	19.531	22.643	22.963	21.662	21.687	21.694	22.517	23.02	21.915	22.738	18.415	22.38	23.083	19.644	22.426	21.887	21.314	21.453	21.601	21.596	22.073	22.091	22.631	21.556	22.407	21.686	20.441	21.887	18.699	22.572	22.543	21.58	18.846	22.532	22.455	21.055	22.525	21.662	21.848	21.414
uracil	uracil	NA	NA	NA	NA	NA	NA	NA	NA	NA	NA	22.487	NA	21.542	NA	NA	21.11	20.74	20.965	NA	NA	NA	NA	NA	NA	NA	21.603	NA	NA	20.385	NA	21.643	NA	NA	NA	NA	21.403	NA	NA	NA	21.265	NA	20.961	21.276	NA	NA	NA	NA	NA	NA	NA	NA	21.117	NA	NA	NA	NA	NA	NA	NA	NA	NA	NA	21.308	NA	NA	NA	NA	NA	NA	21.226	NA	NA	20.784	NA	20.294
urea	urea	NA	22.299	NA	NA	NA	NA	NA	NA	NA	NA	NA	NA	NA	NA	NA	NA	NA	17.518	NA	NA	NA	NA	NA	NA	24.554	NA	NA	NA	NA	NA	NA	NA	NA	NA	NA	NA	NA	NA	NA	NA	NA	NA	NA	NA	NA	NA	NA	NA	NA	NA	NA	NA	NA	24.861	NA	NA	NA	NA	NA	NA	NA	NA	NA	NA	NA	NA	24.077	NA	NA	NA	NA	NA	NA	NA	25.094
uridine_5'-monophosphate	uridine 5'-monophosphate	NA	NA	NA	18.066	NA	NA	NA	NA	NA	21.536	20.42	NA	NA	NA	20.538	NA	NA	NA	NA	NA	23.121	NA	NA	NA	NA	NA	NA	NA	20.931	NA	NA	NA	NA	NA	NA	NA	NA	NA	NA	NA	NA	20.345	NA	19.952	NA	20.388	NA	19.811	NA	NA	20.641	NA	NA	NA	NA	NA	NA	NA	NA	19.446	NA	NA	NA	NA	NA	NA	18.631	NA	NA	NA	NA	NA	23.135	20.831	NA
xylitol	xylitol	NA	NA	NA	NA	NA	NA	NA	NA	18.093	NA	NA	23.308	NA	NA	NA	NA	NA	21.066	NA	NA	NA	NA	NA	NA	NA	NA	NA	NA	NA	NA	NA	NA	19.582	NA	NA	18.273	NA	NA	NA	NA	NA	NA	NA	19.132	NA	NA	NA	19.081	NA	NA	17.172	NA	NA	NA	NA	NA	NA	NA	NA	NA	18.426	NA	NA	NA	NA	18.357	NA	NA	NA	16.425	NA	NA	NA	NA	NA
Unknown_001	Unknown 001	NA	NA	NA	NA	NA	19.373	NA	NA	NA	NA	NA	NA	NA	NA	NA	NA	NA	22.262	NA	NA	21.761	NA	NA	NA	NA	NA	21.177	20.145	20.274	19.382	NA	NA	NA	NA	NA	NA	20.561	20.317	NA	NA	16.835	NA	NA	NA	NA	NA	NA	NA	NA	NA	NA	NA	NA	NA	NA	NA	NA	NA	NA	20.536	NA	NA	NA	19.351	NA	NA	NA	NA	NA	NA	18.634	NA	NA	NA	NA
Unknown_002	Unknown 002	22.465	21.523	21.447	21.142	20.369	20.659	19.892	20.868	20.865	21.501	20.485	18.93	21.165	22.039	20.396	20.896	21.024	22.392	21.235	20.952	20.943	21.771	21.381	20.958	21.546	20.417	21.357	21.632	20.976	20.839	21.202	20.43	22.252	20.55	20.868	21.162	20.168	20.365	21.717	20.85	22.644	20.945	20.044	21.423	19.961	20.725	19.949	21.333	21.134	21.9	20.69	20.329	21.185	20.903	18.907	21.864	21.807	21.116	20.644	20.311	19.566	21.41	21.058	20.438	21.766	21.372	20.541	21.24	20.322	21.606	20.321	20.474	21.713	20.314	NA
Unknown_003	Unknown 003	22.796	19.87	20.495	21.043	22.302	22.557	20.238	20.234	19.871	21.976	19.252	23.836	20.569	19.903	19.009	23.49	22.757	22.362	21.789	19.183	23.006	20.581	21.337	21.774	21.393	19.34	23.336	22.024	22.646	22.379	20.767	21.62	22.313	20.443	20.334	21.657	22.458	23.579	22.561	19.894	23.286	18.351	22.246	22.738	22.445	19.478	21.596	19.737	20.089	21.746	21.609	19.309	17.903	21.708	22.428	20.268	22.198	21.558	20.282	22.61	22.491	20.925	17.06	22.385	19.313	21.787	20.89	21.797	19.958	21.306	22.05	22.105	22.607	19.392	NA
Unknown_004	Unknown 004	19.14	18.188	18.821	19.575	19.212	18.924	19.471	18.93	19.103	18.568	19.99	19.108	19.527	20.01	17.492	19.168	19.647	18.465	19.056	20.828	17.619	18.961	20.015	19.366	19.023	19.453	19.961	18.508	20.278	20.561	18.619	19.461	17.68	19.861	19.234	19.102	18.518	18.393	19.528	19.565	19.861	20.458	19.031	18.442	18.554	18.361	18.253	20.437	19.848	20.106	18.878	18.35	19.847	18.109	17.164	19.713	20.206	18.94	20.171	18.708	17.909	19.543	20.228	19.006	19.179	19.077	18.425	18.52	18.309	19.597	21.291	18.672	18.766	21.866	NA
Unknown_005	Unknown 005	23.172	22.951	23.711	23.178	22.702	22.921	23.013	22.963	23.911	24.121	23.449	23.402	24.827	23.776	23.482	23.334	22.642	24.965	23.092	23.167	23.848	23.692	23.021	22.763	23.427	23.067	23.43	23.636	23.484	22.879	23.542	23.335	22.304	23.366	23.396	23.609	23.722	23.286	22.787	23.76	23.404	23.031	23.119	23.082	22.729	24.001	23.052	23.342	24.35	23.213	23.615	22.731	23.281	23.323	21.25	23.29	22.817	22.471	23.143	22.61	22.563	25.147	23.057	23.644	22.879	23.834	23.249	24.581	23.342	24.375	23.135	22.587	23.527	23.347	23.052
Unknown_006	Unknown 006	21.993	21.503	22.302	22.412	20.861	21.424	22.448	22.529	21.699	21.858	23.339	22.926	24.216	19.055	20.467	19.286	24.148	22.046	22.582	23.015	20.764	21.075	18.621	21.75	22.423	22.11	23.846	20.061	19.293	21.737	21.962	22.706	20.822	19.921	19.25	22.409	20.937	23.006	23.447	23.07	23.188	22.479	21.424	19.961	23.1	22.591	19.095	23.256	25.463	23.058	17.744	22.091	24.371	24.208	19.78	22.515	18.307	21.723	23.202	20.528	22.449	23.755	18.573	18.867	18.152	21.774	22.458	22.137	22.657	22.779	21.504	17.625	21.847	22.449	20.802
Unknown_007	Unknown 007	20.716	20.269	19.027	20.011	19.398	21.064	19.914	19.672	20.46	20.829	19.451	21.225	20.757	19.592	19.477	20.181	18.355	19.593	19.344	21.201	21.229	19.135	21.588	18.162	20.339	20.71	19.79	19.865	21.144	19.908	20.772	19.408	20.018	20.779	20.352	19.872	20.665	18.729	20.758	20.804	20.793	21.201	20.746	21.933	19.604	19.933	19.039	19.869	21.277	20.988	21.438	20.11	21.17	19.463	19.885	21.073	20.129	18.591	19.71	19.811	16.874	20.893	21.193	20.292	20.952	20.906	19.71	21.663	21.18	20.276	21.021	18.188	21.346	19.73	22.835
Unknown_008	Unknown 008	NA	18.858	20.87	NA	NA	NA	NA	NA	NA	20.411	NA	NA	NA	NA	NA	17.872	19.077	20.081	NA	NA	NA	NA	NA	NA	NA	NA	NA	NA	NA	NA	NA	NA	NA	NA	NA	NA	21.415	NA	NA	21.881	21.285	NA	21.174	NA	NA	21.288	NA	NA	NA	19.868	21.536	NA	NA	NA	NA	NA	20.028	NA	NA	NA	14.916	21.801	NA	NA	NA	NA	NA	NA	NA	20.265	NA	19.12	NA	NA	NA
Unknown_009	Unknown 009	NA	NA	NA	NA	NA	16.922	NA	NA	NA	NA	NA	NA	22.392	NA	22.551	NA	NA	NA	22.573	NA	NA	NA	NA	NA	NA	NA	20.932	21.92	NA	NA	NA	NA	21.344	20.781	NA	NA	NA	NA	NA	NA	NA	NA	NA	21.417	NA	NA	NA	NA	NA	NA	NA	NA	NA	NA	22.092	NA	NA	NA	NA	NA	NA	NA	NA	23.755	NA	NA	NA	NA	NA	NA	22.259	NA	NA	NA	NA
Unknown_010	Unknown 010	25.241	25.726	25.323	24.851	25.618	25.003	24.892	24.069	25.906	25.097	26.241	25.264	17.877	25.482	23.688	24.643	25.198	17.803	25.784	25.06	24.522	25.548	24.48	25.586	25.121	24.876	26.018	25.585	25.311	24.77	26.464	24.538	24.759	25.905	25.427	25.283	25.929	24.849	24.849	25.843	26.024	24.366	24.387	26.145	25.29	17.866	24.571	25.651	24.982	25.901	24.765	24.792	25.093	24.963	25.383	25.754	24.469	25.527	25.097	25.002	25.078	25.631	25.201	25.624	24.263	25.728	25.177	25.747	26.145	25.295	26.307	25.048	24.129	26.011	17.848
Unknown_011	Unknown 011	20.855	21.178	21.784	20.043	22.095	20.48	20.813	19.718	19.357	21.944	20.883	20.031	22.609	20.381	20.602	22.902	21.302	21.523	19.85	19.331	22.027	19.348	20.216	21.452	19.36	21.152	22.734	20.791	20.686	20.109	21.869	22.104	20.55	20.808	20.695	23.63	21.075	21.886	19.733	22.12	20.655	21.112	19.966	21.963	21.052	20.908	19.806	19.524	22.337	20.095	21.534	20.909	20.11	20.848	21.096	21.327	19.969	22.023	20.069	21.094	20.939	21.518	19.975	21.372	20.138	20.7	21.011	20.804	20.456	21.59	22.425	20.697	19.397	20.822	20.69
Unknown_012	Unknown 012	18.797	19.92	16.189	18.738	17.861	17.514	18.365	18.286	17.801	17.639	19.973	19.53	18.087	19.572	19.313	20.353	19.869	17.607	18.277	16.398	16.825	17.514	17.878	17.847	19.159	17.81	20.322	17.969	19.077	18.625	19.199	17.647	17.988	18.463	18.785	17.962	18.424	18.999	19.012	19.517	20.273	18.532	15.888	19.928	19.079	19.174	18.73	19.51	20.26	17.081	16.941	16.929	19.089	19.506	18.179	18.608	18.296	16.964	19.273	17.354	18.691	19.675	18.502	18.061	17.936	18.062	18.396	18.112	17.475	18.561	17.974	18.365	15.86	17.835	NA
Unknown_013	Unknown 013	21.538	20.338	21.373	22.27	22.053	22.128	21.437	20.736	21.718	22.778	21.359	22.596	22.541	22.399	21.127	22.274	22.604	20.387	21.643	22.357	22.654	21.407	22.648	21.354	20.668	21.779	23.69	19.399	23.226	22.757	19.334	21.21	21.824	22.401	21.61	22.294	20.075	22.261	20.676	22.306	21.374	22.698	21.439	22.429	21.77	20.852	23.001	21.772	22.365	22.587	21.166	22.554	21.83	22.655	21.334	21.545	22.874	21.776	22.627	22.067	21.929	21.234	22.285	22.03	22.258	21.201	21.44	21.429	21.508	22.163	22.091	22.548	22.94	21.012	19.067
Unknown_014	Unknown 014	18.384	21.555	17.209	18.55	18.45	18.449	17.995	18.696	17.83	18.957	18.552	18.203	18.227	18.999	19.327	20.014	19.098	18.416	17.487	18.194	17.834	18.346	18.637	18.719	18.347	17.478	19.838	17.469	19.604	18.942	17.27	17.471	18.543	18.694	18.129	18.755	17.07	17.843	18.15	17.718	18.268	19.748	17.696	19.938	17.179	19.12	19.917	19.484	18.012	18.392	18.709	17.805	19.147	19.131	18.091	17.518	18.068	18.246	18.421	17.804	18.832	18.066	19.255	17.578	18.488	18.092	18.832	18.082	19.79	18.402	19.375	18.685	18.934	19.145	19.8
Unknown_015	Unknown 015	20.108	20.906	18.579	20.509	19.634	19.98	19.9	19.507	19.123	19.118	20.034	20.314	19.449	19.967	18.899	20.226	21.148	18.594	19.798	19.721	17.788	18.638	20.266	19.165	17.767	19.51	20.212	17.336	20.763	19.767	17.63	18.797	19.141	19.31	19.985	19.774	19.186	19.729	19.372	19.207	20.392	20.271	19.627	20.759	19.192	18.638	20.614	20.21	19.453	20.552	19.749	19.223	19.98	20.272	18.808	18.877	20.011	20.104	20.321	19.6	19.756	18.891	20.254	19.434	19.896	19.779	19.255	18.731	20.335	19.795	19.142	20.229	20.105	19.472	19.101
Unknown_016	Unknown 016	20.905	23.005	20.55	21.06	21.168	21.233	20.494	22.175	20.975	20.51	20.879	20.409	21.463	20.928	21.415	20.833	20.267	21.416	20.574	20.778	19.992	20.559	20.828	20.104	21.721	21.185	20.859	21.075	20.544	21.308	21.106	21.403	21.658	22.419	20.952	21.906	20.828	20.2	20.316	21.245	21.054	21.006	20.79	22.472	20.072	22.951	20.937	21.157	21.36	21.067	20.291	19.188	21.201	20.03	22.261	21.059	20.228	21.843	20.923	20.016	19.783	22.068	20.622	22.307	20.424	20.557	20.67	21.951	20.963	22.566	21.879	22.436	20.716	21.201	19.4
Unknown_017	Unknown 017	21.945	22.726	22.91	16.942	20.326	22.065	22.593	22.431	22.288	23.039	23.15	23.194	20.388	22.59	22.32	22.729	21.255	19.38	21.854	18.391	22.052	22.464	20.646	22.037	21.392	21.943	23.259	21.614	22.1	22.468	21.78	21.158	21.94	21.241	22.941	19.207	23.241	22.133	22.23	21.833	22.654	22.898	22.358	22.607	21.836	22.89	21.745	22.775	22.687	21.938	22.485	22.893	22.349	22.243	22.599	22.458	19.027	21.426	21.689	21.035	19.181	22.976	22.844	21.773	21.792	22.336	22.441	21.463	18.764	18.301	20.249	21.358	23.012	22.306	22.732
Unknown_018	Unknown 018	20.328	21.176	20.008	19.806	21.102	20.173	18.978	19.753	17.153	19.436	21.455	18.794	20.219	20.229	20.529	21.132	20.413	18.106	19.082	20.619	19.87	19.155	21.188	20.01	20.158	20.894	21.298	18.611	19.019	21.63	18.323	20.343	19.896	19.666	19.911	21.205	19.015	20.161	17.441	20.801	19.6	20.628	20.409	19.874	20.723	20.197	20.731	18.654	19.907	20.753	18.648	20.881	20.905	20.902	20.292	20.529	20.886	20.387	21.079	21.149	15.858	19.572	19.765	20.307	19.891	19.328	20.16	19.605	21.232	20.357	21.201	21.057	19.437	18.819	20.388
Unknown_019	Unknown 019	20.553	20.265	19.305	20.314	16.979	21.145	20.412	20.417	20.257	18.007	20.596	20.794	17.948	19.773	20.414	19.72	20.844	22.203	19.935	20.397	17.846	20.661	20.734	19.466	17.065	19.245	19.16	21.445	20.397	19.394	21.352	17.782	16.931	17.717	21.552	17.89	20.254	18.283	20.974	17.298	20.67	20.993	20.723	21.077	18.784	19.362	20.709	20.933	19.272	20.508	21.445	17.224	21.163	21.014	18.913	18.71	19.267	19.779	20.836	18.124	18.979	19.16	20.973	16.899	19.921	21.296	20.538	18.021	20.396	19.349	17.629	19.944	20.649	20.876	20.741
Unknown_020	Unknown 020	20.371	21.678	20.093	19.881	21.616	19.022	19.939	20.12	20.65	20.424	20.154	20.083	21.214	21.072	20.465	20.96	20.355	21.874	19.949	19.895	20.658	21.08	19.9	20.551	18.73	20.244	21.509	19.285	21.049	20.72	19.351	20.208	21.478	21.913	20.75	21.91	20.639	21.511	20.591	19.934	20.307	19.14	21.201	20.38	21.079	19.606	20.643	20.597	20.654	20.178	19.673	20.19	19.869	20.911	19.771	20.508	20.696	20.165	20.032	21.499	20.201	20.998	18.934	20.548	20.079	21.027	18.57	19.997	20.328	20.691	20.075	20.21	20.636	19.333	18.866
Unknown_021	Unknown 021	21.581	21.519	21.229	22.654	20.894	20.566	21.026	20.535	23.658	21.973	23.237	20.893	22.198	22.706	22.313	21.105	21.142	20.855	22.777	21.977	22.105	23.378	22.676	21.648	21.491	20.65	16.879	22.462	21.069	21.196	22.49	21.187	20.799	22.569	22.84	21.201	21.102	19.54	21.373	23.107	22.694	21.283	20.897	23.209	20.329	21.857	20.428	22.643	22.161	21.226	21.496	21.33	22.039	20.765	20.344	22.859	22.135	20.274	21.604	19.943	19.947	22.386	21.138	21.287	22.713	22.328	21.875	23.131	21.447	21.782	21.02	20.511	20.928	22.732	20.79
Unknown_022	Unknown 022	21.866	19.69	22.264	22.027	22.711	22.58	18.202	21.729	22.47	21.459	20.346	19.275	19.579	22.097	21.325	22.543	21.347	18.341	21.132	22.121	22.247	18.388	23.194	21.596	20.295	22.284	18.476	20.343	21.509	22.746	17.909	22.906	18.258	19.138	22.596	23.454	20.439	22.489	20.885	21.747	20.682	22.196	21.91	20.041	21.08	20.017	19.39	20.712	22.913	23.502	22.141	22.952	21.491	22.896	18.391	21.976	23.255	22.774	21.564	22.456	21.489	17.173	19.579	21.088	21.097	21.538	20.797	20.183	23.104	21.201	21.218	20.608	20.942	20.877	21.201
Unknown_023	Unknown 023	19.442	19.358	18.787	18.988	18.805	18.82	18.763	18.83	17.9	18.176	19.038	19.389	19.657	18.157	18.966	19.177	18.874	16.678	17.611	19.144	18.14	18.451	19.84	18.517	18.237	19.407	19.109	18.666	18.828	19.454	17.907	18.619	19.317	19.304	18.657	18.938	19.158	18.726	18.363	18.669	19.075	18.304	18.967	19.38	19.04	18.765	19.082	19.417	18.904	19.319	18.241	17.508	19.217	19.617	18.25	18.984	17.909	18.38	19.292	19.204	18.916	17.465	17.872	19.554	18.316	17.815	18.604	18.65	19.162	19.694	18.647	19.44	17.521	18.336	18.547
Unknown_024	Unknown 024	21.199	22.86	NA	NA	NA	NA	NA	NA	NA	NA	NA	22.327	NA	NA	NA	NA	22.548	21.059	21.24	NA	NA	NA	NA	NA	NA	NA	NA	NA	NA	NA	NA	NA	NA	NA	21.787	NA	20.33	NA	NA	NA	20.957	22.585	NA	NA	NA	NA	NA	NA	NA	NA	NA	NA	22.17	NA	NA	NA	NA	NA	NA	NA	NA	NA	NA	NA	NA	NA	NA	NA	NA	NA	NA	NA	NA	22.255	NA
Unknown_025	Unknown 025	18.156	21.086	19.69	18.687	22.132	18.735	17.65	18.266	17.447	19.23	18.904	21.344	19.505	17.68	19.96	21.353	21.543	22.209	18.841	18.363	22.137	18.486	21.156	18.976	22.239	20.713	22.84	18.193	21.691	21.175	21.128	19.993	19.119	19.523	18.058	18.997	19.53	18.766	17.393	20.751	18.469	18.707	18.348	22.324	18.977	21.86	19.252	18.529	19.92	20.009	21.602	20.944	19.081	20.419	20.908	18.886	20.028	20.809	17.732	19.065	18.619	21.013	20.779	19.762	17.88	17.124	21.538	19.236	20.795	18.953	21.576	20.493	23.285	19.721	19.807
Unknown_026	Unknown 026	20.016	20.915	21.837	18.955	20.692	18.982	19.849	19.375	20.525	25.168	21.339	20.898	20.93	20.152	19.972	20.104	20.051	24.994	20.192	20.155	20.075	20.41	18.82	20.749	21.068	20.333	21.802	20.189	20.092	19.336	21.338	19.721	20.569	20.461	20.72	24.952	20.715	20.413	20.656	24.416	20.919	20.718	19.978	21.081	20.547	20.23	21.152	21.017	20.088	20.386	20.868	20.182	19.716	19.278	19.969	20.43	19.434	19.565	18.885	20.735	19.876	20.937	22.056	19.892	20.15	20.339	19.87	19.69	19.87	25.876	19.101	19.374	20.743	20.295	19.561
Unknown_027	Unknown 027	18.918	17.591	17.636	19.493	16.224	19.242	18.831	18.789	19.313	14.742	18.458	19.372	NA	19.184	18.317	17.567	18.787	19.75	17.423	19.905	15.141	19.372	17.948	17.39	16.108	17.967	18.133	19.514	20.349	18.145	18.743	16.484	14.646	14.398	19.243	14.337	19.833	17.535	18.956	17.436	18.718	18.452	19.206	20.073	16.255	18.704	18.245	19.161	17.263	20.286	18.324	16.682	18.573	19.193	17.622	16.982	20.626	18.097	20.232	16.153	17.715	NA	19.249	15.748	17.18	19.754	17.556	16.191	18.092	18.174	17.391	18.313	19.036	17.272	19.395
Unknown_028	Unknown 028	19.193	17.838	18.793	16.056	18.052	16.05	16.222	16.046	16.992	18.574	16.823	16.581	17.289	18.203	18.048	18.603	16.438	18.329	15.974	17.094	18.003	17.331	16.269	17.081	16.554	17.577	18.648	15.096	18.669	18.979	18.872	17.312	18.77	17.363	16.646	18.473	17.899	18.051	16.266	17.706	16.947	16.027	17.081	17.75	17.227	16.921	16.967	17.3	15.867	17.949	16.594	17.817	16.337	21.282	17.911	16.411	17.04	22.143	18.811	16.876	16.568	17.555	18.816	17.671	17.682	18.152	16.459	15.397	17.1	16.821	22.915	18.087	16.218	16.411	21.133
Unknown_029	Unknown 029	21.62	18.574	21.817	20.634	22.247	20.198	21.272	20.935	20.532	20.95	21.773	19.431	21.928	20.491	20.427	21.938	21.034	21.251	20.917	20.191	21.246	21.444	20.874	21.9	21.784	21.666	22.073	21.164	20.725	21.868	22.212	21.925	21.376	22.366	21.241	22.593	20.313	22.012	19.998	22.61	21.9	20.291	21.516	21.185	21.641	20.974	21.251	20.606	22.958	20.855	20.178	21.591	20.365	19.526	21.177	22.157	20.531	20.603	19.722	21.217	21.185	22.68	20.785	22.724	20.143	21.29	20.902	22.317	21.025	20.031	22.251	21.342	20.576	21.006	18.993
Unknown_030	Unknown 030	21.271	24.031	20.881	21.541	17.516	21.49	20.032	21.959	21.562	18.554	22.3	22.087	19.341	21.334	21.421	21.681	21.992	21.845	21.779	22.167	17.857	21.628	21.674	19.138	16.481	17.892	21.34	21.582	22.733	19.928	21.589	17.823	17.683	17.827	21.77	17.143	21.423	19.697	21.942	18.33	20.235	21.993	22.116	21.975	18.542	19.788	22.237	23.236	20.014	22.257	20.89	18.334	21.679	22.788	17.447	19.232	22.202	21.303	21.527	18.985	20.194	18.795	22.72	17.023	22.244	21.672	22.015	17.33	21.478	18.031	18.219	22.118	18.904	22.923	21.553
Unknown_031	Unknown 031	20.26	20.588	21.545	21.212	21.294	20.448	20.064	20.177	20.984	22.171	21.572	20.261	22.043	21.237	20.323	20.992	20.688	20.38	20.199	20.487	21.111	20.339	20.622	21.272	21.059	21.262	22.281	20.364	20.857	21.714	19.845	21.498	21.43	21.45	20.717	21.819	21.116	22.286	19.962	21.195	19.94	20.534	20.827	21.222	21.643	20.543	20.575	20.526	20.315	20.872	20.761	21.431	20.164	20.316	21.603	20.622	21.734	21.442	20.779	22.28	20.554	20.879	20.658	22.02	20.428	21.401	20.517	19.986	21.739	21.318	21.592	21.199	20.753	20.074	21.814
Unknown_032	Unknown 032	19.706	20.2	19.416	20.747	20.345	19.571	20.355	18.822	19.393	19.941	20.818	21.184	20.589	19.693	20.252	20.277	20.192	21.768	20.893	20.93	19.29	20.065	20.47	19.689	20.576	19.808	20.953	19.266	20.872	21.217	19.921	19.031	21.467	19.754	19.444	19.293	20.639	18.513	19.764	19.629	20.983	19.298	19.848	20.583	21.335	20.388	21.456	20.296	21.085	20.439	20.289	20.289	20.081	20.934	21.245	20.032	19.527	20.912	21.434	18.866	18.858	19.665	19.81	19.258	20.898	19.952	20.05	19.102	21.028	20.109	19.696	21.204	21.412	19.654	NA
Unknown_033	Unknown 033	19.05	19.831	19.589	19.652	19.351	18.325	19.319	18.48	19.884	18.548	19.584	20.292	19.879	19.735	19.049	19.76	18.673	20.636	19.927	19.365	19.098	18.836	19.497	19.618	19.426	19.137	20.518	18.744	20.129	20.217	18.842	17.901	20.385	18.751	19.131	19.071	19.476	19.109	19.946	19.079	19.935	19.251	19.149	19.096	20.643	20.199	20.53	19.181	20.473	18.96	19.16	19.915	18.96	18.562	20.138	19.739	18.436	19.746	20.374	18.29	18.582	18.656	19.419	17.738	19.776	18.907	19.134	18.889	20.101	19.688	18.43	19.959	20.411	18.84	NA
Unknown_034	Unknown 034	17.722	18.91	20.386	19.741	18.049	20.488	20.451	17.132	21.21	18.562	19.698	20.03	20.028	18.708	17.667	20.055	18.631	21.045	20.984	20.397	19.79	19.755	18.808	19.467	18.851	19.082	20.214	19.122	18.981	19.739	20.335	18.552	21.493	17.896	19.385	18.423	20.773	18.544	20.308	19.601	20.507	18.911	19.863	18.884	21.034	21.046	20.784	19.845	20.182	18.82	21.04	20.173	19.952	17.659	21.849	20.587	18.205	19.722	19.913	18.213	19.574	20.764	20.134	18.38	19.399	19.332	20.034	20.269	20.594	20.28	17.757	21.107	20.994	17.867	NA
Unknown_035	Unknown 035	19.967	20.126	22.972	20.691	21.842	22.283	21.543	19.962	22.805	23.309	22.395	24.473	19.981	22.151	21.717	22.684	20.515	23.092	22.905	22.081	22.929	21.867	19.893	23.501	23.638	22.736	23.248	22.183	22.354	22.67	20.939	21.527	24.099	23.382	21.498	21.691	21.9	21.689	22.699	21.861	21.873	21.253	21.603	20.689	22.402	22.996	24.596	21.836	20.962	20.818	21.978	22.429	21.325	21.558	22.087	22.536	20.918	22.456	22.591	21.948	22.254	22.804	21.856	21.33	22.164	20.456	20.819	21.172	21.169	22.746	19.99	23.77	22.26	20.165	21.187
Unknown_036	Unknown 036	21.193	21.099	21.305	20.917	20.443	20.799	21.009	21.199	21.464	21.318	21.219	21.316	22.592	21.68	21.23	21.121	20.652	22.654	20.772	20.833	20.874	21.423	20.647	20.522	20.77	20.656	21.039	21.417	21.168	20.453	21.915	21.45	14.327	20.807	21.625	21.193	21.783	20.974	20.769	21.298	21.121	21.25	21.208	21.567	20.838	21.759	20.344	21.212	22.033	21.389	21.402	20.23	21.026	21.188	19.815	20.995	21.256	20.27	21.018	20.282	20.345	23.04	20.925	21.201	20.558	21.654	21.18	21.354	21.018	21.908	21.166	20.054	21.201	21.277	19.851
Unknown_037	Unknown 037	19.758	20.043	21.389	23.552	20.483	19.325	23.648	19.044	22.603	21.758	22.823	21.635	21.142	19.45	18.864	21.601	20.246	21.081	24.872	22.081	21.174	21.183	21.813	19.632	19.864	19.771	21.371	22.234	23.37	22.784	19.884	21.548	20.232	20.579	17.972	23.028	21.568	22.156	23.392	20.974	24.943	20.165	19.443	19.948	21.622	21.646	24.433	22.703	21.119	20.497	20.522	21.046	22.078	19.862	24.471	23.133	20.804	22.285	22.506	21.879	21.248	20.58	21.23	21.513	21.201	20.064	21.387	22.542	19.126	20.751	18.995	24.229	20.98	21.212	23.598
Unknown_038	Unknown 038	25.059	25.306	25.441	24.977	24.53	24.86	24.783	24.92	25.516	25.322	25.26	25.312	26.357	25.745	25.373	25.119	24.58	26.458	24.738	25.065	24.959	25.359	24.74	24.72	24.854	24.811	25.091	25.573	25.057	24.377	25.829	25.078	23.986	24.847	25.46	25.23	25.387	25.015	24.668	25.329	25.061	24.913	25.067	25.532	24.431	26.022	24.502	25.175	26.128	25.184	25.233	24.226	25.156	25.063	24.157	25.122	25.001	24.304	24.996	24.276	24.407	26.881	24.96	25.077	24.612	25.584	24.902	25.4	25.022	25.926	24.791	24.324	25.272	25.053	24.772
Unknown_039	Unknown 039	23.684	18.556	19.18	21.146	21.652	23.217	23.62	23.63	17.874	22.006	18.661	19.111	20.891	24.24	24.667	21.322	23.131	17.692	23.476	19.78	20.882	24.092	23.228	23.554	21.075	21.119	20.779	23.952	18.594	20.932	20.274	21.514	22.376	20.937	24.065	23.555	19.847	21.874	23.528	21.403	23.704	23.801	23.616	18.155	23.494	21.201	23.116	23.959	22.158	18.614	23.391	21.288	20.592	19.089	23.247	19.664	23.73	22.742	18.429	21.84	22.322	24.542	17.752	21.883	19.397	16.841	23.983	18.558	24.345	19.283	20.081	19.047	24.244	23.697	19.152
Unknown_040	Unknown 040	20.557	20.478	19.893	20.133	18.828	20.825	20.127	20.545	21.316	19.087	20.82	21.321	18.519	20.706	20.434	19.391	20.951	22.499	18.884	19.846	19.714	20.149	20.78	18.325	18.778	19.594	19.854	21.746	20.667	19.686	21.18	18.384	17.718	17.385	21.398	18.981	21.372	19.384	20.702	18.258	20.598	20.611	20.455	21.763	18.406	19.026	20.742	20.953	20.159	20.755	21.435	19.504	20.84	20.418	19.246	18.555	20.543	18.968	20.697	18.546	18.694	20.439	22.031	17.2	19.881	22.208	19.178	19.005	20.75	20.893	19.163	19.434	20.723	20.731	21.568
Unknown_041	Unknown 041	20.019	20.228	19.589	20.106	18.244	20.239	20.28	19.978	20.168	19.322	20.603	20.494	19.207	20.875	19.977	19.905	20.563	21.795	19.752	20.087	19.57	20.854	20.053	19.004	18.757	19.478	19.718	21.326	20.204	19.22	21.181	18.535	18.448	17.458	21.201	18.397	21.183	19.076	20.278	18.422	20.598	20.17	20.399	21.319	19.483	19.319	20.132	20.626	19.777	19.997	20.833	18.329	20.777	20.427	19.192	19.637	20.293	19.311	20.232	19.708	19.967	19.967	21.057	17.77	19.514	21.176	20.344	18.358	19.955	20.336	18.644	20.181	20.294	20.177	20.015
Unknown_042	Unknown 042	23	22.572	23.133	23.289	21.305	24.375	22.87	23.509	22.291	20.329	17.762	18.585	23.475	24.128	25.076	23.478	22.312	17.755	22.424	23.514	21.636	23.03	23.743	23.014	22.694	23.507	19.582	22.674	22.309	17.904	22.378	22.42	19.815	22.067	23.427	17.48	21.902	23.119	22.246	17.477	22.512	23.996	22.892	18.699	23.393	25.171	21.502	22.383	17.528	18.546	22.971	21.725	23.562	23.246	22.472	23.088	24.017	23.24	17.438	20.31	22.144	23.621	18.614	21.907	21.195	19.88	23.691	18.044	24.087	17.603	19.119	22.677	23.819	23.658	21.959
Unknown_043	Unknown 043	21.529	20.18	21.093	21.37	18.717	22.734	21.348	21.848	20.479	20.116	20.522	20.275	21.988	22.773	21.568	21.184	18.772	19.6	19.403	21.517	19.507	20.577	21.53	20.183	20.334	19.252	20.66	20.785	20.059	19.825	20.161	20.496	21.059	20.04	21.584	19.082	19.956	21.661	19.82	20.37	19.288	22.503	21.612	20.526	22.085	23.578	21.471	19.586	19.13	19.95	21.532	19.044	21.992	20.316	21.158	21.315	22.245	19.796	20.857	18.382	18.572	20.392	20.104	18.645	19.792	19.403	22.106	19.4	22.488	19.277	19.616	20.7	22.505	21.967	19.479
Unknown_044	Unknown 044	23.956	24.165	24.388	24.03	23.628	23.726	23.924	23.861	24.646	24.494	24.344	24.499	25.331	24.564	24.082	24.06	23.599	25.46	23.913	24.1	23.973	24.389	23.735	23.778	23.94	23.82	24.246	24.5	24.103	23.641	24.776	24.078	23.193	24.039	24.339	24.318	24.409	24.012	23.745	24.469	24.243	23.764	23.966	24.531	23.503	24.818	23.662	24.154	25.167	24.277	24.216	23.447	24.085	23.958	23.324	24.135	23.86	23.387	24.222	23.32	23.389	25.814	24.121	24.192	23.646	24.611	23.881	24.638	23.895	24.958	23.918	23.433	24.016	23.974	23.631
Unknown_045	Unknown 045	14.272	18.864	17.078	17.143	14.917	18.918	16.52	15.317	15.433	18.236	16.411	19.769	NA	19.184	18.18	17.134	16.495	18.859	16.106	17.5	16.056	17.847	15.675	13.995	19.25	16.644	18.38	NA	20.434	17.869	13.383	13.994	NA	14.219	15.649	18.541	15.753	14.83	18.392	15.518	14.889	17.475	17.645	16.987	NA	16.59	16.301	19.163	17.503	18.116	18.249	15.98	NA	18.919	14.357	15.196	20.036	16.851	18.637	13.689	14.884	16.15	19.334	13.899	18.115	17.835	15.991	16.669	18.091	19.297	16.591	17.186	17.23	15.653	NA
Unknown_046	Unknown 046	18.899	18.779	18.928	19.249	17.024	18.548	18.941	18.651	19.089	18.999	19.113	22.974	18.628	20.019	18.947	17.356	19.235	19.912	18.904	18.344	18.347	22.844	18.789	18.315	18.146	18.841	18.484	19.434	19.012	18.014	19.522	18.136	21.66	17.649	18.884	22.903	19.667	22.469	18.274	20.728	19.291	18.385	22.575	19.574	17.697	21.341	19.01	19.142	21.722	18.665	19.397	18.125	18.734	18.518	18.437	18.505	19.217	18.649	18.552	18.12	21.509	18.84	18.664	18.332	18.11	20.602	18.482	17.739	19.081	18.909	17.3	18.056	19.377	19.131	21.579
Unknown_047	Unknown 047	19.192	19.629	18.578	18.922	19.172	18.861	18.481	19.256	19.202	18.055	19.631	19.285	19.82	18.675	19.328	18.691	19.065	18.79	18.318	18.987	18.825	18.932	18.804	18.779	19.759	18.607	18.138	19.444	19.01	17.564	20.73	19.253	21.877	20.122	19.251	19.037	19.225	18.306	19.056	19.274	19.88	19.029	18.97	19.821	18.796	18.914	19.436	19.497	20.012	18.618	18.83	18.239	18.489	18.531	19.044	18.717	18.793	18.352	18.766	17.445	21.987	20.927	19.006	18.577	18.201	19.793	18.646	19.168	18.489	18.042	19.562	18.592	18.587	19.29	19.005
Unknown_048	Unknown 048	19.108	20.073	18.732	18.944	18.55	18.217	17.995	18.687	18.838	18.577	19.06	18.078	18.519	18.597	19.876	18.606	18.989	19.582	17.589	18.08	24.138	18.236	18.05	19	19.124	19.063	18.093	19.751	19.168	18.627	21.421	18.525	17.06	18.852	19.381	17.312	18.997	17.171	18.823	18.654	19.466	18.953	18.12	19.714	17.075	19.026	19.366	18.757	20.852	18.12	19.19	16.917	18.208	17.941	17.46	17.829	19.16	18.503	18.493	17.683	17.592	20.355	18.76	17.887	17.301	19.56	18.803	17.753	18.962	19.62	18.771	18.225	18.574	19.737	18.883
Unknown_049	Unknown 049	18.441	19.726	18.194	20.136	19.189	18.751	19.597	18.35	17.997	19.59	19.164	19.161	19.991	17.16	18.678	19.366	19.662	19.473	18.257	19.608	18.811	18.889	18.522	18.577	19.15	19.57	19.105	17.264	20.527	20.597	18.117	18.879	21.214	19.192	16.806	19.183	19.075	18.61	18.785	18.607	18.893	19.317	17.228	19.477	19.425	20.206	20.172	18.467	18.845	19.218	19.128	19.67	16.772	17.884	19.214	18.848	18.923	18.946	19.505	19.97	18.893	18.189	20.018	18.822	20.111	18.898	18.912	16.674	19.167	18.741	19.915	20.995	18.694	18.936	20.881
Unknown_050	Unknown 050	20.263	21.59	21.366	19.251	19.669	21.366	21.365	21.792	19.39	20.835	20.975	22.489	18.871	19.926	20.608	21.221	20.917	19.219	19.762	20.63	19.981	19.74	21.305	20.22	20.519	20.211	19.706	21.242	21.908	20.56	20.922	20.695	19.275	19.385	19.406	19.837	22.732	20.814	18.069	20.241	18.712	19.614	20.705	21.919	20.403	21.65	19.363	19.878	19.254	22.418	20.663	22.026	20.772	21.113	20.92	20.768	20.897	20.591	20.299	19.97	22.738	19.736	19.834	21.083	20.082	20.147	23.5	20.602	21.477	19.3	19.97	20.039	22.521	21.943	21.443
Unknown_051	Unknown 051	19.767	18.853	17.819	17.966	19.553	17.683	16.747	18.999	18.919	19.998	19.639	19.641	20.75	18.974	19.566	20.641	19.91	19.893	18.414	17.968	20.469	19.012	17.405	18.352	19.588	19.42	19.744	19.73	23.198	19.967	22.02	19.546	18.142	19.496	19.073	18.297	23.86	20.184	19.083	20.046	20.026	17.87	18.908	20.442	18.044	20.889	20.006	18.881	20.901	19.107	18.496	19.853	20.225	19.096	19.746	17.474	20.114	19.689	20.092	17.994	19.512	20.923	18.843	15.516	16.449	19.932	17.956	17.923	19.648	20.818	18.167	18.615	18.274	19.993	20.895

